-1.616154e-01	-3.685136e-01	5.296404e-01	1.212423e-01	3.732131e-01	3.473938e-01	-2.967582e-01	-9.106588e-03	-1.868647e-01	8.396648e-02	-3.642831e-01	6.488602e-01	1.942260e-01	-8.425859e-02	2.236516e-01	-3.751575e-01	4.975604e-01	-5.388936e-01	-1.383196e-01	-8.078381e-02	-1.493912e-01	-4.164879e-02	6.888671e-02	-2.997114e-02	-2.238160e-01	7.208758e-01	-3.471679e-01	-4.229275e-02	-3.476549e-01	-4.989735e-01	1.091021e-01	2.627542e-01	-3.148479e-01	8.396876e-01	-7.639566e-02	1.721783e-01	-1.675854e-01	1.781375e-01	4.374903e-01	-4.481820e-01	-5.712559e-01	2.481458e-01	-1.047680e-01	-1.734486e-01	1.486290e-01	-5.388966e-01	5.545481e-01	5.924847e-02	-1.065822e-01	6.994003e-01	7.260508e-02	-2.532840e-01	-1.202858e-01	6.443718e-02	9.249134e-02	4.734707e-01	1.944114e-01	8.758911e-02	1.376486e-02	-9.486769e-02	-9.699078e-02	-1.566643e-01	-3.795735e-01	-4.750264e-01	-1.494795e-01	3.443435e-01	2.703563e-02	1.645283e-01	4.530469e-01	7.065826e-01	-3.477742e-01	2.349927e-01	4.141454e-01	-1.706580e-02	-2.540274e-01	9.708426e-01	-6.327985e-02	-4.106180e-02	-1.158433e+00	-3.857108e-01	6.159708e-01	6.243377e-01	8.411486e-02	1.507164e-01	-7.506748e-02	5.386223e-01	3.527682e-01	1.703579e-01	9.641893e-01	-7.846339e-01	4.300675e-02	8.695110e-02	1.002987e+00	1.197410e-01	-4.951082e-01	7.575747e-01	8.384848e-02	4.389740e-01	1.728219e-01	3.737620e-01	-7.622293e-01	-1.917790e-01	2.436780e-01	-1.588400e-01	4.794477e-01	-4.332552e-01	-5.957805e-02	-1.645264e-01	1.087491e-01	6.121294e-01	-1.415593e-02	2.729917e-01	1.647671e-01	-3.331683e-01	4.177185e-01	-6.035818e-01	-4.724179e-01	1.801601e-01	6.907964e-01	-3.616711e-01	-1.998694e-02	3.975261e-02	-3.990023e-01	2.505395e-01	8.496155e-02	-4.119473e-01	5.021911e-02	7.520386e-02	1.659940e-01	4.091527e-02	-3.198014e-01	4.407773e-02	3.392168e-01	2.858229e-01	5.607684e-01	1.133655e-01	2.186050e-01	-1.320992e-01	-2.431059e-01	6.379840e-01	2.821494e-01	3.006623e-01	-3.684451e-01	1.988239e-01	-3.722193e-01	-7.842264e-02	-5.353681e-01	5.461259e-01	-1.535978e-01	-5.927513e-01	-4.470057e-01	6.262660e-01	3.898438e-01	-1.048507e-01	-1.426330e-01	1.632552e-01	5.910370e-01	9.422523e-02	-4.155517e-01	2.802266e-01	-1.641574e-01	3.834541e-01	-3.977817e-01	1.557646e-01	5.610643e-02	-1.569626e-01	-4.210723e-02	-8.785550e-02	-1.375956e-01	1.877298e-01	-3.786313e-02	1.615513e-01	-3.710670e-01	9.238093e-02	1.671735e-01	5.183965e-01	-4.393433e-02	3.239109e-02	7.944427e-02	-5.042437e-01	-8.634431e-01	2.588907e-01	-2.524399e-01	-6.793296e-02	-1.811059e-01	-1.932797e-02	3.930334e-02	5.330777e-02	-1.996724e-01	2.699282e-01	-1.343628e-01	-2.401092e-01	-4.536400e-01	4.683177e-01	-1.066080e-01	6.901185e-01	-2.682523e-01	2.926835e-01	-1.138371e-01	3.999115e-01	-7.199098e-01	9.773595e-02	4.237387e-02	2.701812e-01	-1.120876e-01	3.737980e-01	-7.913424e-02	2.190300e-01	-5.610653e-02	9.359214e-01	-4.522462e-01	-7.785907e-02	7.240471e-01	3.602316e-02	4.118842e-01	2.042352e-01	1.585265e-01	-2.812325e-01	-2.336200e-02	1.503678e-01	-7.667606e-02	-9.417373e-02	-3.697948e-01	-3.207270e-01	-2.496584e-01	-1.038638e-01	4.358931e-02	2.714870e-01	-9.888448e-02	-2.948931e-01	-5.785465e-01	-2.312226e-01	-2.255973e-01	2.505690e-01	-1.780923e-01	5.695630e-01	2.809472e-01	-1.809443e-02	-3.779795e-01	-4.197224e-02	-6.836111e-02	2.545145e-01	-1.436281e-01	-2.473211e-02	2.862562e-01	-2.284113e-03	-1.117305e-01	-3.151069e-01	2.183413e-01	-9.029807e-02	-4.368002e-01	2.031906e-01	-1.735715e-01	-1.062260e-01	-5.297101e-01	8.429531e-02	-7.544745e-02	-2.919504e-02	8.969225e-02	-4.087886e-01	6.674785e-02	-7.684310e-01	-2.006898e-03	2.771363e-01	2.983989e-01	3.914788e-01	-2.154867e-02	1.586272e-01	-2.607342e-01	3.620317e-01	-6.063668e-01	3.081142e-01	4.651365e-01	5.427141e-02	-2.039294e-01	9.229994e-03	-1.155175e-01	-2.638831e-01	-5.557349e-01	9.744550e-02	1.415459e-01	-3.645028e-01	-2.745930e-01	1.307886e-01	-5.182049e-01	-1.626468e-01	6.769537e-02	-7.941370e-02	5.033176e-01	-3.927103e-02	-2.796516e-01	-6.739357e-01	3.327248e-01	3.649152e-01	1.695430e-02	-3.306834e-01	-4.982819e-01	-1.021511e-01	-2.355212e-02	-2.610002e-01	1.963491e-01	4.449019e-01	-2.995256e-01	1.475046e-01	-4.129705e-01	1.269550e-01	-4.416057e-01	-4.251573e-01	9.374698e-01	1.603056e-01	-8.402742e-01	2.764430e-01	-5.101494e-01	3.832292e-01	4.415721e-01	1.668404e-01	1.684157e-01	-2.343478e-01	-3.043667e-01	6.059452e-02	-1.636660e-01	3.265601e-01	4.431856e-01	2.591096e-01	-4.543914e-01	-2.331034e-01	2.018627e-01	-5.580337e-01	-3.597941e-02	1.650816e-01	-2.126657e-01	1.261312e+00	-1.094382e-01	-5.102002e-01	-1.286223e-01	6.763574e-02	1.162519e-03	1.299585e-01	-5.604143e-01	-3.593993e-01	1.147791e-02	-1.841156e-01	9.681312e-01	-5.327069e-01	9.371016e-02	-1.053031e-01	-1.360448e-01	1.059153e+00	-1.818005e-01	-1.034302e+00	1.401012e-01	2.734291e-01	2.506596e-01	2.005825e-02	-8.913727e-02	3.106169e-01	-6.302113e-01	-1.132783e-01	4.417033e-01	-4.354956e-01	-7.141230e-02	1.600488e-01	-6.967306e-02	-1.533052e-01	-7.187846e-01	3.313487e-01	-1.873958e-01	-3.045751e-01	3.145568e-01	6.343257e-01	2.523828e-01	6.618405e-01	-4.804040e-01	-7.334039e-01	4.436961e-01	-6.463818e-02	-7.125627e-02	-7.600609e-01	1.169190e+00	-4.103489e-01	-1.372523e-01	-2.286156e-01	-2.623163e-01	-2.529862e-01	1.809258e-01	1.623459e-01	5.890281e-01	-1.600903e-01	5.286729e-01	1.466879e-01	7.755293e-02	3.972898e-01	4.368791e-02	-1.296907e-01	1.127754e-01	4.323637e-01	2.327641e-01	8.428813e-02	-6.327451e-01	-2.242799e-01	8.115134e-02	1.637997e-01	6.129932e-02	2.992490e-01	-9.064458e-02	4.940128e-01	6.342281e-01	5.361338e-02	3.902506e-01	2.166873e-01	3.341131e-01	5.113041e-01	2.868127e-01	3.537937e-01	5.592780e-01	5.979222e-01	-8.882464e-01	1.422731e-01	1.640521e-01	4.073414e-01	2.278589e-02	8.942530e-02	-3.959288e-02	-1.612966e+00	-1.343865e-01	-1.212078e-01	-1.077725e-01	-1.068211e-01	-4.731043e-01	-2.077021e-01	-2.507654e-01	-1.708098e-01	6.014021e-03	-2.087965e-01	-1.240477e-01	-1.013635e-01	-2.107730e-02	-1.903684e-01	-3.716083e-01	-2.959753e-01	2.283531e-01	-8.467765e-02	-1.885095e-01	7.152236e-02	-2.258215e-01	1.130692e-01	-5.705478e-01	-1.590150e-01	4.858868e-02	7.179453e-01	-3.176513e-01	-3.323502e-01	-6.431978e-02	-2.085801e-01	2.423048e-02	-2.088356e-01	-4.757624e-01	7.638771e-02	-1.753047e-02	-4.309131e-01	-3.080189e-01	1.676872e-01	5.086496e-01	-1.738905e-01	-2.686061e-01	-4.262050e-01	-2.678201e-01	-2.595834e-01	5.309392e-01	3.185451e-01	-1.920554e-01	1.676758e-02	-1.372204e-01	-1.378243e-01	3.468425e-01	1.068069e-01	-1.104905e-01	-3.220053e-01	4.459121e-01	-1.526645e-01	-7.600439e-02	3.628185e-02	9.377282e-01	1.024940e-02	4.984232e-02	1.304200e-01	2.364359e-01	-1.809324e-01	5.295215e-01	2.103964e-02	7.762483e-01	-2.963619e-01	-2.237232e-01	-1.341606e+00	8.268491e-02	-1.122407e-01	-2.819149e-01	-1.660821e-01	3.656138e-01	6.086872e-01	9.963390e-02	5.261515e-01	-2.067743e-01	-2.264658e-01	9.933603e-02	-3.175429e-01	6.234279e-02	1.251146e-01	-4.443699e-01	-2.884006e-01	-2.435427e-01	-1.063768e+00	-4.615020e-01	9.302575e-03	-7.961258e-02	2.519864e-01	2.542313e-01	-4.696552e-01	4.897133e-02	7.816395e-02	-1.126891e-01	-9.091017e-02	1.254634e-01	-5.297291e-01	2.131795e-01	-7.430638e-01	-1.666344e-01	2.636636e-03	1.490965e-01	-2.209216e-01	-2.927913e-01	3.699681e-01	-1.764095e-01	5.348184e-01	3.989307e-01	1.000494e+00	1.555909e-01	3.108744e-01	2.840911e-01	2.357564e-01	-3.992676e-02	-2.621583e-01	-2.358308e-02	4.927648e-01	-4.769924e-02	1.867024e-01	-1.197863e-01	4.564869e-01	2.181149e-01	-3.564289e-01	-1.914713e-02	-1.383180e-01	1.500763e-01	-3.688895e-02	-1.088890e-01	4.131191e-01	9.928183e-02	1.666851e-01	5.020640e-01	1.501621e-02	-3.042814e-01	-4.547802e-02	2.176150e-01	-1.786171e-01	2.575845e-01	1.561796e-01	-5.160458e-01	6.567139e-02	9.027696e-02	2.785999e-01	1.117454e-02	5.277093e-01	-2.157081e-02	4.473113e-01	-3.532802e-01	2.798778e-01	-1.060969e-01	2.519345e-01	-4.997043e-03	2.996967e-01	-3.875526e-01	-5.820363e-01	-4.166533e-02	3.489603e-02	2.484533e-01	-1.934227e-01	-2.181015e-01	1.129263e-01	-1.396549e-01	1.290595e-02	2.047449e-01	1.521721e-01	-8.284084e-01	-2.229096e-01	3.496401e-01	-1.390793e-01	7.709285e-03	-4.567407e-02	3.826508e-01	4.207984e-01	1.648523e-01	-3.015042e-01	-1.398779e-01	-5.733536e-01	-6.892600e-01	1.281314e-01	1.999882e-01	-2.478332e-01	-3.998404e-01	-3.603694e-01	3.687656e-02	-1.817675e-01	-3.570063e-02	-3.670441e-01	7.606474e-02	-3.845969e-01	-2.136968e-01	2.028908e-01	2.317603e-01	4.488624e-01	4.320803e-01	-6.542051e-02	5.367678e-01	2.099750e-01	2.849963e-01	1.013038e-01	3.139197e-01	1.921950e-01	1.500973e-01	-1.009539e-01	1.203867e-01	1.231450e-01	-1.355982e-01	-8.057611e-02	-1.485328e-02	3.425301e-01	-4.202272e-01	3.400115e-01	-1.616948e-01	2.774734e-01	-2.047376e-01	2.411357e-01	2.726723e-01	-1.370336e-01	-2.617899e-01	2.488303e-01	-6.987119e-02	6.778826e-01	-6.239691e-01	-3.866784e-01	7.329918e-01	-1.056071e-01	2.202846e-01	-3.368272e-01	-1.432255e-01	4.777691e-01	7.099955e-02	1.598487e-01	-2.753880e-01	1.981530e-01	3.500437e-01	3.667415e-01	5.596930e-02	-5.329794e-01	-4.652077e-01	3.116170e-01	-5.830850e-01	-1.789319e-01	4.566290e-01	-9.985531e-02	-6.008185e-02	2.969537e-01	5.674057e-02	-1.580078e-01	2.727818e-01	2.924749e-01	7.649113e-02	2.124680e-01	-1.589186e-01	-2.895592e-03	-6.557911e-02	-4.602941e-02	1.179121e-01	-1.760726e-01	-4.007115e-01	1.911771e-01	1.150678e-01	-1.471955e-01	-3.091418e-02	4.300839e-02	-1.344780e-01	1.010719e-01	1.777408e-02	6.601164e-02	-7.826456e-01	1.596171e-02	1.547983e-01	-1.085194e-01	4.989017e-01	4.054534e-02	3.329468e-01	-7.065808e-01	7.927316e-02	-4.595483e-01	-7.971161e-01	-4.286180e-01	-3.504795e-01	-3.765269e-01	-1.445742e-01	4.466716e-01	4.385260e-01	-3.180765e-01	1.508194e-01	-3.010448e-01	1.234575e-01	8.806445e-04	1.844010e-02	-3.850614e-01	-7.969829e-02	3.941789e-01	5.095250e-02	6.104713e-02	-6.770856e-01	-4.856727e-02	2.332818e-02	1.512634e-01	1.341671e-01	1.820442e-01	5.505096e-02	-4.375784e-02	-3.300323e-02	-2.059928e+00	-6.509307e-02	-1.345711e-01	1.867775e-01	-1.177938e-01	1.897678e-01	5.135815e-01	-1.635383e-01	-5.830033e-02	3.196147e-02	-4.320621e-01	-2.766452e-01	-1.497882e-01	-3.173834e-01	3.106576e-01	5.190583e-01	4.047045e-02	-2.813940e-02	-4.911329e-01	-5.883979e-01	1.211908e-01	-2.754672e-01	-2.685550e-02	4.470273e-02	1.080202e-01	-4.940173e-01	5.884601e-01	-4.516318e-03	1.428060e-01	-6.138524e-01	-9.751753e-01	1.817305e-01	-5.873857e-01	-1.594000e-01	-7.544504e-02	3.198560e-01	-1.201486e-01	-3.114069e-01	-3.266909e-01	6.474090e-02	2.409187e-01	1.171960e-01	4.305900e-01	-4.729742e-01	-1.637066e-01	-3.473791e-01	-2.603899e-01	-4.339680e-01	5.195262e-01	1.769628e-01	-3.028286e-01	1.385094e-01	-4.478395e-01	-8.932549e-02	-3.079434e-01	3.712067e-01	-6.742585e-01	2.808166e-02	7.397577e-01	-7.346929e-01	-7.820864e-04	-4.559225e-01	2.719089e-01	-3.302913e-01	-3.472016e-01	-5.037363e-01	-1.352019e-02	3.971693e-01	6.069357e-01	-3.713455e-01	6.260007e-01	-2.185783e-01	2.406716e-01	-7.863355e-02	-1.283166e-01	4.837868e-03	-9.620079e-02	-8.275945e-01	4.640625e-01	-3.141855e-01	-1.718763e-02	2.870955e-01	-4.735237e-01	3.721780e-01	1.744645e-01	-1.159717e-01	3.280102e-01	2.954659e-01	-7.347500e-02	7.560039e-02	1.568867e-01	-3.285566e-02	4.256385e-01	1.746173e-02	-1.456978e-01	-1.664056e-01	-3.540627e-01	-6.345475e-02	-2.115156e-01	-1.430829e+00	-8.448721e-01	2.686966e-01	5.459175e-01	5.508498e-01	-2.625301e-01	4.959220e-01	-1.157223e-01	-4.434261e-01	4.961210e-01	2.368635e-01	-3.306419e-01	-2.909600e-02	3.743516e-01	-5.128538e-01	-1.607456e-01	-2.947790e-01	5.522560e-02	4.693420e-01	3.656881e-01	1.727138e-01	-2.316999e-01	1.856265e-02	7.353910e-01	2.220073e-01	-6.374673e-02	6.457655e-01	-5.233414e-01	1.869526e-01	2.100134e-01	7.427181e-01	-1.535213e-01	-7.324066e-01	7.918125e-02	1.321393e-01	6.399565e-01	6.944253e-02	3.137736e-01	-6.548441e-01	-5.410116e-01	-5.377633e-01	-4.501744e-01	1.920278e-02	-3.846561e-01	-2.156124e-02	-5.022884e-01	3.620126e-01	3.156765e-01	-1.716941e-01	4.244488e-01	2.881485e-01	-6.528190e-01	1.514879e-01	-6.149579e-01	-7.244090e-01	-4.023587e-01	1.694288e-01	-7.674046e-01	2.526299e-01	-3.026624e-01	-3.891962e-02	2.931466e-02	-1.306638e-01	-2.089671e-01	1.273980e-01	3.952382e-01	-6.464104e-01	2.476683e-02	1.509121e-02	-1.350218e-01	3.270766e-01	4.214867e-01	5.893318e-02	4.847907e-02	-7.859825e-02	-7.321492e-02	-1.386544e-01	2.440833e-01	-5.836543e-02	1.503096e-01	-7.492037e-02	5.661852e-01	-3.974037e-01	-2.782244e-01	-7.375534e-01	-5.829505e-02	-1.976322e-01	-9.116688e-01	-7.418478e-01	6.152192e-01	-2.112107e-02	4.182892e-02	5.981597e-01	-1.343143e-01	4.667342e-01	-9.655441e-02	-6.349881e-01	2.185099e-01	-3.012048e-01	6.197951e-01	2.143637e+00	-5.310478e-01	3.884095e-01	-2.123462e-01	-4.102551e-01	-1.712579e-01	-1.639221e-01	-7.367878e-02	-1.469981e-01	3.435613e-01	1.211861e-01	-2.556140e-01	8.136792e-02	8.893442e-01	-1.886549e-01	-2.994927e-01	2.606530e-01	-3.264894e-01	-4.355204e-01	-3.581420e-01	-2.580736e-01	-3.329216e-01	-2.084359e-01	-4.184038e-02	2.508665e-01	3.531353e-01	-3.063975e-01	1.085762e+00	-4.708721e-01	-3.365815e-01	-7.353444e-01	9.227614e-01	-6.139808e-01	5.096842e-01	-1.209871e-01	-1.470041e-01	-3.122140e-01	5.482914e-01	-2.226793e-01	3.224611e-01	-1.008007e-02	1.362553e-01	4.025507e-02	4.826671e-01	-4.738576e-01	5.985343e-01	1.029197e-01	4.530860e-01	-4.613348e-01	-8.029581e-02	2.210133e+00	-5.948586e-01	2.091391e-01	2.151962e-01	1.864240e-01	-6.256049e-01	-5.937001e-01	-2.279772e-01	-8.819468e-01	1.188765e-01	-7.701527e-01	-1.607236e-01	-1.748526e-01	-3.786257e-01	1.307727e-01	-2.952886e+01	-5.814328e-02	2.364144e-01	-4.580771e-01	1.506544e-01	-1.673445e-01	4.476831e-02	-1.125976e+00	7.845386e-01	2.767439e-01	-1.305657e-01	-2.828338e-01	-1.636565e-01	3.132637e-01	2.194403e-01	-1.367514e-01	-8.587829e-02	-2.857724e-01	-4.189185e-01	2.235488e-01	-2.579605e-01	-5.203899e-02	-1.116189e-01	-7.713315e-01	4.922042e-01	-2.587155e-01	4.371070e-01	-6.640943e-01	-1.083650e-01	-1.086231e-01	-3.422355e-03	-4.512265e-01	-3.692565e-01	-2.676369e-01	-3.240577e-02	6.212565e-01	4.298128e-01	7.062485e-01	3.804873e-01	9.721377e-02	-2.642894e-02	7.306466e-02	4.239532e-01	-7.405984e-01	3.063433e-01	2.736271e-01	-5.911748e-02	-2.368336e-01	-3.855409e-01	-7.708980e-01	2.556963e-02	-3.618631e-01	5.287349e-01	2.739683e-01	-1.249702e-01	1.010877e-01	-3.076504e-02	-1.923040e-01	1.127102e-02	1.140823e-01	3.000096e-01	1.816656e-01	-5.809863e-02	-5.172047e-02	-4.509541e-01	5.258951e-02	-3.908046e-02	-1.984670e-01	2.358202e-02	-2.774987e-02	-5.127552e-01	-3.870380e-02	-8.429428e-01	3.687932e-01	4.641318e-01	-1.242296e-01	3.436734e-01	-2.148177e-01	-1.155726e-01	-7.358114e-01	-2.276182e-01	2.865224e-01	1.115064e-01	-6.687691e-01	2.884807e-02	-4.352070e-01	-9.944974e-01	5.150409e-01	-8.345566e-02	1.795273e-01	-4.816672e-01	7.099431e-01	1.135633e-01	-5.953396e-02	1.254090e-01	7.937197e-01	3.577019e-01	-8.176798e-01	-4.683049e-01	-5.632063e-02	-6.428579e-01	-3.024299e-01	7.615511e-02	-7.732488e-02	4.207288e-01	-1.539962e-02	-5.662661e-01	-3.737397e-02	2.533520e-01	-1.522638e-01	9.801462e-02	-7.721906e-01	2.597761e-01	-2.185904e-01	-5.206428e-01	7.077723e-01	-2.899004e-01	-4.653608e-02	1.410241e-01	2.286608e-02	-3.424662e-01	2.896023e-01	-6.343587e-01	5.374218e-03	1.454887e-01	1.264961e-01	-6.666991e-02	3.772916e-02	-2.605714e-02	-3.047421e-01	-6.359736e-01	4.154598e-01	-1.001356e+00	-1.711360e-01	-2.508088e-01	-2.181856e-01	-3.593897e-01	-2.789315e-01	2.002762e-01	-2.142539e-01	-3.260864e-01	3.541999e-01	3.545949e-01	2.040564e-01	-2.821156e-01	-3.295680e-01	-3.051013e-01	4.319229e-01	-2.812177e-01	-6.124589e-02	-5.403901e-01	7.676942e-01	-2.529739e-01	-3.063515e-01	-1.033639e-01	-5.621178e-01	-2.702167e-01	4.397664e-03	4.063586e-01	8.072274e-01	-1.082090e-01	-8.094575e-02	5.254864e-01	2.401157e-01	3.998865e-01	-2.669441e-01	-4.331492e-01	3.472458e-01	-1.558401e-01	7.664152e-02	3.517432e-01	-1.033759e+00	-9.848524e-02	-7.036972e-02	-2.886426e-02	-1.054713e-01	-3.968506e-01	-2.791595e-01	3.759537e-01	4.998153e-01	3.432062e-01	7.894098e-01	7.026930e-01	7.664464e-01	4.041500e-01	1.628900e-01	-6.290905e-02	8.324645e-01	2.219112e-01	-1.096844e-01	-2.002524e-02	-6.848540e-02	-2.147399e-01	-3.125627e-02	3.599933e-02	-2.247056e-01	-7.716592e-01	-5.196308e-02	-5.446047e-02	-3.859440e-02	2.345850e-03	-3.417954e-01	-2.956748e-01	1.784197e-01	3.114740e-01	5.348142e-01	-9.387617e-02	9.388450e-02	-4.938681e-02	-5.205475e-02	1.822782e-02	-3.457082e-01	-6.126913e-01	4.294807e-01	8.502894e-02	-5.745036e-01	-3.248550e-01	-3.420507e-01	-1.687847e-01	-7.972719e-01	1.127214e-01	9.495679e-02	5.294331e-01	-3.920552e-01	-4.571715e-02	-7.751188e-02	-3.343801e-01	1.048294e+00	-3.117298e-01	-3.686710e-01	1.072780e-01	-8.280437e-02	-2.518988e-02	-5.983311e-01	5.255918e-01	7.767905e-02	-4.140177e-01	-6.606565e-01	-1.040906e-01	-2.175367e-01	-4.399746e-01	4.914792e-01	3.561813e-01	3.116775e-01	-2.509884e-01	-2.178235e-01	1.756062e-02	1.216494e-01	2.446397e-01	-3.469770e-01	-4.006376e-01	5.788391e-01	3.320227e-01	3.997027e-01	-1.521594e-01	-2.109424e-01	-1.689854e-02	1.317284e-01	2.878559e-02	-2.439743e-01	-2.744015e-01	1.336787e+00	-5.481725e-02	9.223708e-01	-3.690358e-01	-3.598757e-02	-4.642404e-01	-2.955336e-01	3.046337e-01	-2.933779e-01	-1.486958e-01	7.723906e-01	7.934802e-01	3.502303e-01	3.651780e-01	-3.147715e-01	1.679706e-03	2.570568e-01	-5.509252e-02	-2.154940e-01	1.627007e-01	-3.783323e-01	-8.381541e-01	-1.644665e-01	-1.347824e-01	-2.580439e-01	-3.748807e-01	-8.640795e-02	2.489167e-01	-6.627072e-02	-1.911763e-01	-1.547385e-02	-3.483780e-01	-9.395848e-02	-3.547734e-01	-1.348731e-01	-8.516410e-01	8.485234e-02	-6.908490e-01	1.185288e-01	-3.915184e-01	2.240482e-01	-4.871884e-01	-4.036562e-01	6.585472e-01	-4.209686e-01	4.002188e-01	5.076441e-01	7.222325e-01	3.205667e-01	3.668061e-01	4.036140e-01	-9.581771e-02	9.744384e-02	-7.785793e-01	2.892803e-01	1.645285e-01	-6.152731e-01	-2.443566e-01	-5.605494e-02	7.590579e-01	4.083209e-01	-3.596155e-01	-6.544957e-01	-6.605542e-01	-5.660509e-01	-2.208077e-01	2.817200e-02	2.304923e-01	1.209030e-01	6.943929e-01	5.916303e-01	-1.034913e-01	-1.425103e-01	-3.393165e-02	-6.697863e-02	-2.864445e-01	-1.289825e-01	8.374394e-02	-4.248444e-01	-4.026542e-01	3.514857e-01	3.762094e-01	-9.534869e-02	2.093359e-01	1.914153e-01	-1.141496e-01	-6.668535e-01	-7.002768e-02	-1.411570e-01	3.838794e-01	1.558242e-01	2.456557e-01	-1.258439e-01	-4.255234e-01	-3.201748e-02	1.483907e-01	7.438214e-01	1.436257e-01	-5.203298e-01	-4.203700e-01	-1.662968e-01	2.623910e-01	1.742881e-01	-1.325471e-01	-1.615523e-01	-4.212103e-01	-3.152402e-02	1.597742e-01	-1.524671e-01	3.178847e-01	5.515063e-01	1.382377e+00	-2.623908e-01	-5.086827e-02	-3.413403e-01	-5.438564e-01	-3.760139e-01	1.440275e-01	4.424739e-01	7.687835e-02	-2.146707e-01	5.031372e-02	-3.866515e-01	-1.766767e-01	2.869483e-01	-6.406128e-01	3.871007e-01	-9.559701e-02	9.136624e-02	1.103557e-01	2.764334e-01	2.122352e-01	4.115808e-01	1.912846e-02	4.710439e-01	2.962374e-01	4.959967e-01	-1.591332e-01	5.450483e-02	3.220673e-01	-8.336334e-02	9.575040e-02	1.973715e-02	7.324501e-02	1.958924e-03	-3.357445e-01	1.018499e-02	8.244036e-03	-6.230066e-01	5.483292e-01	-3.213365e-02	1.862662e-01	-3.061911e-02	2.947676e-02	3.508710e-01	1.686276e-02	-4.353279e-01	-2.949951e-02	-3.179911e-01	6.132129e-01	-3.117190e-01	-1.538601e-01	2.149767e-01	-2.299381e-01	-3.856865e-01	-4.248629e-01	-4.789046e-03	3.755691e-02	4.489168e-01	-2.301930e-01	4.262285e-01	2.972543e-01	-3.917612e-01	-3.312214e-01	-3.462890e-01	-1.616741e-01	-2.475580e-01	6.676611e-02	2.799456e-01	-1.050273e-01	4.325421e-01	8.931164e-02	-2.089682e-01	-1.516738e-01	5.257785e-01	-4.702596e-01	-1.870538e-03	1.328861e-01	2.597307e-02	2.663943e-01	-5.589010e-01	-2.661700e-01	1.609356e-01	-7.255536e-02	4.270272e-02	1.738509e-01	-6.198220e-01	2.748616e-01	8.203057e-02	-5.247197e-01	2.443675e-01	-1.392774e-01	-7.890518e-01	-3.356562e-01	-6.163037e-01	1.760169e-01	-6.935573e-01	-2.075926e-01	1.789402e-01	-6.504970e-03	7.065420e-01	1.376148e-02	4.921868e-01	6.246577e-02	-9.946175e-02	2.609028e-01	-6.219820e-01	-7.203177e-01	1.571186e-02	-5.835484e-01	-1.970703e-01	4.075309e-01	4.112431e-01	-2.517841e-01	1.213642e-01	-9.699391e-02	7.420418e-02	4.551171e-01	1.719588e-01	-2.651769e-01	-3.677592e-01	5.409463e-01	3.001810e-01	-4.373832e-01	-1.808473e-01	4.906336e-02	-5.291582e-01	2.884317e-01	8.455187e-02	3.321119e-01	-5.540069e-02	4.788690e-01	1.103804e-01	1.921220e+00	-1.243399e-01	-2.984017e-01	-4.635042e-02	1.827243e-01	3.865711e-01	-9.387777e-02	8.835995e-02	-5.689990e-01	2.141360e-02	3.411264e-03	-5.544530e-02	8.036871e-02	-7.234795e-01	2.773317e-01	5.543562e-01	-5.319529e-02	-2.851505e-01	-3.065776e-01	-6.875130e-01	1.648207e-01	1.712937e-01	-4.129151e-01	3.883560e-02	2.235921e-01	-5.660515e-01	7.870954e-01	2.530077e-02	-9.228956e-01	-8.798888e-01	-7.191179e-01	3.977293e-01	-5.384049e-01	-7.908588e-01	-8.326268e-02	6.425340e-01	-1.651194e-01	-5.216989e-02	-1.717115e-01	-1.508979e-01	1.468177e-01	3.255757e-02	3.704330e-01	-4.891846e-01	-1.450529e-01	-1.873110e-01	-4.968939e-01	-4.493692e-01	3.610661e-01	1.980247e-01	-3.963678e-01	7.489573e-02	-5.783243e-01	3.091156e-02	-2.220973e-01	2.876953e-01	-5.935795e-01	8.939842e-04	7.518338e-01	-6.652146e-01	2.351442e-01	-3.718677e-01	2.128685e-01	-6.983332e-02	-2.127450e-01	-2.973541e-01	-1.388177e-01	5.593761e-01	4.438771e-01	-4.254388e-01	4.512730e-01	2.248568e-02	3.128529e-01	-2.307018e-01	-3.659828e-01	3.162087e-02	-1.593945e-01	-8.796529e-01	3.079458e-01	-9.250385e-02	1.644752e-01	1.415165e-01	-3.362757e-01	3.493528e-02	1.595337e-01	3.893845e-02	2.146087e-01	4.058998e-01	-1.229135e-01	3.368853e-01	2.366878e-01	1.687253e-01	4.787264e-01	-5.192026e-02	-1.984463e-01	-2.569578e-01	-3.260609e-01	1.087936e-02	-3.145691e-01	-1.290421e+00	-6.709249e-01	1.667666e-01	5.543776e-01	7.015129e-01	-2.790516e-01	5.033209e-01	-2.965080e-02	-1.834373e-01	3.192795e-01	3.858857e-01	-3.372366e-01	-2.488910e-03	3.013641e-02	-6.054432e-01	-1.680212e-01	-4.014892e-01	1.552395e-02	3.650810e-01	2.453702e-01	1.013900e-01	-2.763618e-01	1.808500e-01	5.714197e-01	3.029167e-01	-2.122714e-01	2.424416e-01	-2.406774e-01	1.401971e-01	2.727802e-01	6.579911e-01	-2.774457e-01	-5.327566e-01	-2.687449e-01	-2.719712e-02	3.867052e-01	2.108006e-01	2.698702e-01	-5.154676e-01	-3.509245e-01	-6.462700e-01	-2.310597e-01	1.995320e-02	-3.040391e-01	-2.345497e-01	-6.743731e-01	2.459560e-01	2.423818e-01	-1.292971e-01	1.352955e-01	3.170614e-01	-5.442752e-01	2.593135e-01	-6.462504e-01	-6.838292e-01	-3.225670e-01	5.934663e-02	-4.140327e-01	1.403146e-01	-5.231529e-01	5.513441e-02	-2.359059e-01	-2.180639e-01	-1.989743e-01	6.535776e-02	3.883342e-01	-6.251076e-01	-1.036451e-01	8.421279e-02	-2.357633e-01	4.761698e-01	5.169971e-01	1.788753e-01	9.458735e-02	-9.081814e-03	-9.517065e-02	7.437095e-02	1.355738e-01	5.785616e-02	6.811049e-02	-2.577996e-02	5.987633e-01	-4.171405e-01	-4.162920e-01	-6.094646e-01	-8.347961e-02	-1.641263e-01	-7.409995e-01	-5.529671e-01	3.864536e-01	-1.033485e-02	-3.232755e-03	6.860425e-01	3.662482e-02	3.372429e-01	-1.238507e-01	-5.741141e-01	3.600636e-01	-2.596702e-01	6.213154e-01	2.268448e+00	-3.383200e-01	4.870523e-01	-3.515649e-01	-4.061641e-01	-1.472474e-01	-2.405156e-01	-6.433255e-02	-2.155422e-01	5.536685e-02	1.105834e-01	-1.468789e-01	4.925246e-01	8.226405e-01	-7.445342e-02	-3.569969e-01	2.495965e-01	-4.354676e-01	-3.738927e-01	-4.805614e-02	1.707613e-04	-1.217243e-01	-1.359166e-01	-6.657633e-02	1.824453e-01	3.535356e-01	-3.441156e-01	9.091545e-01	-3.461333e-01	-4.043698e-01	-6.782671e-01	9.108317e-01	-9.069625e-01	-3.835452e-01	-2.055899e-02	-1.694875e-01	-4.733655e-01	5.142992e-01	-1.444375e-01	3.678714e-01	3.579780e-02	2.589235e-01	2.858469e-01	4.564233e-01	-4.212181e-01	4.354001e-01	1.334707e-02	5.265900e-01	-2.559962e-01	6.235066e-02	2.023505e+00	-7.348042e-01	2.953581e-01	5.001954e-01	1.613112e-01	-5.777119e-01	-4.828623e-01	-3.377290e-01	-8.470182e-01	-2.015626e-03	-6.956797e-01	7.878091e-02	-1.916491e-01	-2.573289e-01	1.868559e-01	-2.325854e+01	7.163839e-02	2.356550e-01	-3.325460e-01	3.946503e-01	-1.002860e-01	-1.618476e-01	-1.065388e+00	7.555948e-01	5.889589e-02	-2.301445e-01	-2.052049e-01	-2.425292e-01	1.322063e-01	1.987442e-01	-1.864050e-01	-2.359066e-01	-2.737866e-01	-4.855852e-01	2.184241e-01	1.563488e-02	-1.501312e-02	6.866317e-03	-6.304112e-01	4.843133e-01	-2.360914e-01	6.279082e-01	-4.560283e-01	-1.992739e-01	6.581011e-02	-1.141877e-01	-4.832935e-01	-1.239602e-01	-3.183455e-01	-1.726039e-01	8.872306e-01	1.356538e-01	4.029370e-01	3.518587e-01	1.956155e-01	-8.275154e-02	1.035650e-01	3.437829e-01	-4.780246e-01	2.124470e-01	2.516912e-01	-1.539442e-01	-8.169561e-02	-1.704878e-01	-8.757326e-01	4.943274e-02	-2.482741e-01	7.313220e-01	3.971889e-01	-4.217826e-01	2.582135e-01	-3.175987e-02	-1.138188e-01	1.068497e-01	1.654348e-01	1.521670e-01	8.428797e-02	9.752803e-03	1.922028e-01	-4.894737e-01	-8.187764e-02	-1.014540e-01	-1.677893e-01	-3.854391e-02	1.363187e-01	-3.061752e-01	1.021683e-01	-6.672689e-01	1.339491e-01	3.036173e-01	4.814552e-02	1.860544e-01	-1.394585e-01	-2.489394e-01	-5.012690e-01	-2.810645e-01	2.906748e-01	5.428319e-02	-5.746880e-01	-4.869734e-02	-2.315733e-01	-9.951968e-01	5.776055e-01	-2.754542e-01	1.521941e-01	-2.650726e-01	7.232419e-01	9.192139e-02	-7.176095e-02	1.824358e-01	6.516078e-01	1.633944e-01	-5.990779e-01	-4.201053e-01	-7.042044e-02	-3.818882e-01	-2.928960e-01	2.099072e-01	-7.278766e-02	3.060451e-01	3.182034e-02	-4.516077e-01	-8.342964e-02	1.031837e-01	-5.408650e-02	2.406313e-01	-6.038484e-01	3.606541e-01	-4.145256e-01	-5.387514e-01	4.818732e-01	-2.869501e-01	6.868909e-02	1.474323e-01	-1.420785e-01	-4.741814e-01	5.431081e-02	-3.138595e-01	-1.866934e-01	6.645967e-02	5.731995e-02	-1.471242e-01	-3.302041e-02	-2.352058e-01	-4.518677e-02	-6.444376e-01	3.444191e-01	-7.758298e-01	-2.739173e-01	-3.381062e-01	-3.495887e-01	-2.580219e-01	-1.794781e-01	1.753314e-01	-4.827734e-01	-1.402719e-01	4.186584e-01	1.360984e-01	7.739425e-02	-2.871859e-01	-3.038658e-01	-5.116965e-02	4.714293e-01	-8.925173e-02	-2.949003e-02	-1.750847e-01	6.295102e-01	-3.883582e-03	-4.385077e-01	1.999900e-01	-4.695843e-01	-2.177179e-01	-2.479275e-02	1.672887e-01	8.085571e-01	-7.091954e-02	-1.204579e-01	4.699862e-01	3.821683e-01	6.290467e-01	-6.984731e-02	-3.124348e-01	2.620769e-01	-1.534737e-01	-1.639256e-01	3.308318e-01	-7.684119e-01	-1.475035e-01	-1.811212e-01	7.464261e-02	-1.030304e-01	-2.435725e-01	-1.589311e-01	3.751978e-01	5.111358e-01	2.603704e-01	6.236951e-01	7.523451e-01	8.682001e-01	3.568598e-01	2.369242e-01	8.271369e-02	7.447937e-01	2.091585e-01	1.282005e-01	1.468956e-02	-1.000099e-01	-2.940304e-01	8.485009e-03	1.749715e-01	-1.300512e-01	4.723462e-02	-1.430216e-01	1.045916e-01	6.153826e-02	1.202651e-02	-1.277190e-01	-2.920991e-01	1.640521e-01	3.902064e-01	5.452905e-01	-1.003014e-01	-1.055558e-01	1.161214e-01	7.283089e-02	6.564088e-02	-3.393697e-01	-4.701121e-01	3.161396e-01	1.157678e-01	-3.217793e-01	-2.395321e-01	-2.215637e-01	2.953766e-02	-7.989004e-01	1.055876e-01	1.354452e-01	2.882150e-01	-2.266055e-01	8.264628e-02	1.697689e-02	-1.824400e-01	9.194806e-01	-9.032768e-02	-2.399894e-01	-1.337494e-02	-2.112998e-01	-4.026062e-02	-3.730524e-01	6.595621e-01	3.570116e-02	-3.185732e-01	-4.173459e-01	-6.735232e-02	-3.631465e-01	-4.034435e-01	3.991856e-01	2.184494e-01	5.672009e-01	-2.382528e-02	-2.245684e-01	1.151605e-01	-8.639439e-02	1.590821e-01	-3.697947e-01	-2.004945e-01	2.256113e-01	5.351511e-01	2.926005e-01	-2.484467e-02	-3.368526e-01	-1.635584e-01	3.930767e-01	1.185606e-01	-2.798194e-01	-1.313080e-01	1.192425e+00	-5.882910e-02	7.003441e-01	-1.203509e-01	1.300419e-01	-2.480237e-01	-4.028300e-01	1.690819e-01	-1.308902e-01	1.366418e-01	6.253247e-01	3.738791e-01	1.566355e-01	3.403626e-01	-4.120382e-01	1.052288e-01	2.573926e-01	-1.299464e-01	-1.422460e-01	-9.157609e-02	-2.820469e-01	-7.436628e-01	1.698921e-02	-2.896632e-01	-3.550035e-01	-2.317128e-01	-8.278052e-02	1.330201e-01	-9.975599e-02	-1.465675e-01	8.460260e-02	-3.231319e-01	1.988792e-01	-3.355235e-01	-3.310862e-01	-7.720072e-01	2.225847e-01	-5.009745e-01	-1.049291e-01	-5.378902e-01	3.250831e-01	-3.274677e-01	-3.511351e-01	5.120608e-01	-4.028763e-01	3.506810e-01	3.994241e-01	8.598144e-01	2.401208e-01	3.259693e-01	4.481876e-01	-2.053439e-01	1.009181e-01	-8.159060e-01	2.535349e-01	-8.773404e-02	-6.161870e-01	-2.443602e-01	-2.719065e-02	6.533312e-01	3.163368e-01	-4.567166e-01	-6.669881e-01	-6.739702e-01	-6.178249e-01	-1.121001e-01	-1.657720e-02	2.284665e-01	-9.373026e-02	7.131342e-01	4.670110e-01	-1.242568e-01	-3.155096e-02	2.573379e-02	-5.067369e-02	-2.136401e-01	-1.923472e-01	2.543879e-02	-2.639490e-01	-3.458897e-01	3.996809e-01	3.235109e-01	2.154423e-02	7.055415e-02	1.078431e-01	-2.006575e-01	-5.614077e-01	-6.918674e-02	-1.311249e-01	1.476625e-01	2.422676e-01	3.035721e-01	-9.566964e-02	-3.655856e-01	1.396359e-01	3.961588e-01	7.844179e-01	8.518603e-02	-3.412838e-01	-5.323216e-01	-1.150781e-01	1.655904e-01	4.744962e-02	-3.195802e-01	-8.838643e-02	-3.614813e-01	-1.506509e-01	4.799428e-01	-2.849646e-01	1.788465e-01	3.257244e-01	1.395478e+00	-2.482168e-01	2.724268e-02	-3.125752e-01	-3.782222e-01	-2.893833e-01	1.059852e-02	5.285323e-01	-2.227710e-02	-1.349732e-01	-9.278622e-02	-5.674360e-01	-1.986516e-02	3.754710e-01	-6.449934e-01	3.377948e-01	-4.730530e-02	2.822451e-01	8.802814e-02	3.946793e-01	2.455368e-01	3.212459e-01	1.751262e-01	3.700434e-01	3.588520e-01	2.388428e-01	-1.360896e-01	2.415364e-01	2.514134e-01	-1.360190e-01	7.539762e-03	1.560610e-03	1.703893e-01	5.755883e-02	-5.080327e-01	-7.580713e-02	-4.771790e-02	-5.484720e-01	5.861150e-01	-1.654039e-03	1.662803e-01	1.623576e-01	-3.825830e-02	5.231088e-01	2.959191e-02	-1.953500e-01	1.304138e-01	-2.692103e-01	4.616857e-01	-2.399750e-01	-2.903876e-02	1.024622e-01	-2.279562e-01	-4.188649e-01	-3.953410e-01	8.245978e-02	-9.002747e-02	3.802896e-01	-3.612794e-01	4.392937e-01	1.115873e-01	-1.705189e-01	-3.571928e-01	-3.688597e-01	4.765579e-03	-3.156887e-02	-4.294964e-02	3.667853e-01	-1.739464e-01	3.046673e-01	-4.963322e-02	-1.213457e-01	-1.045759e-01	5.683653e-01	-5.034083e-01	-5.156003e-02	-2.448625e-02	1.321537e-01	2.440743e-01	-3.862016e-01	-3.224524e-01	1.734309e-01	-7.051262e-02	8.697137e-02	7.069709e-02	-6.642276e-01	3.793749e-01	5.572556e-02	-1.611322e-01	2.881829e-01	-2.499160e-01	-7.498822e-01	-4.510444e-01	-5.013587e-01	3.345708e-01	-5.145564e-01	-5.736676e-02	1.127404e-01	-1.300297e-01	6.654164e-01	-7.970712e-02	4.544061e-01	9.569432e-02	-1.028854e-01	4.699059e-01	-5.241792e-01	-6.569421e-01	-1.083993e-01	-6.173445e-01	-5.263692e-02	4.403392e-01	6.235545e-01	-2.928673e-01	3.914101e-01	1.571330e-01	9.056254e-02	5.128915e-01	3.273532e-02	-1.706013e-01	-3.109827e-01	5.796502e-01	2.279548e-02	-4.525074e-01	-9.961132e-02	2.129917e-01	-4.532098e-01	4.392996e-02	-7.492734e-02	4.308281e-01	2.525111e-02	5.039027e-01	1.454973e-01	2.467133e+00	-1.569890e-02	-2.445400e-01	4.162022e-02	4.774483e-01	4.342785e-01	-2.359409e-01	-3.873118e-02	-6.572588e-01	-6.779829e-02	1.489714e-01	-1.896078e-01	1.074575e-01	-5.207406e-01	2.181752e-01	3.914574e-01	8.182296e-02	-3.158823e-01	-3.403753e-01	-3.952879e-01	3.092088e-02	-7.826980e-03	-5.786068e-01	-1.238957e-01	1.100184e-01	-3.901990e-01	3.298441e-01	8.234944e-02	-8.430130e-01	-6.779500e-01	-4.303769e-01	3.252908e-01	-6.183955e-01	-7.724772e-01	-1.594364e-01	6.740602e-01	-1.963580e-01	6.637292e-02	-2.019880e-02	-1.671916e-01	9.996609e-03	-4.663678e-02	2.385935e-01	-3.888681e-01	2.293977e-01	-3.355059e-01	-7.108919e-01	-3.454767e-01	4.274146e-01	-5.082681e-02	-6.205279e-01	4.769147e-02	-4.263142e-01	-3.145653e-03	-9.513327e-02	-5.980895e-02	-4.473697e-01	-8.451734e-02	4.080155e-01	-6.146540e-01	1.687507e-01	-3.223644e-01	6.500623e-02	-1.058382e-01	3.132676e-03	-2.520499e-01	-1.624335e-01	4.192334e-01	3.566170e-01	-4.435558e-01	3.298983e-01	-5.222527e-02	2.606455e-01	-3.486909e-01	-3.737030e-01	1.788607e-01	-2.295287e-01	-5.815617e-01	1.153440e-01	1.541897e-01	1.265379e-01	2.663719e-01	-2.662514e-01	-1.184421e-01	7.251466e-02	-8.581435e-02	7.421193e-02	3.611563e-01	-2.443247e-01	5.385994e-01	2.221626e-01	2.946388e-01	3.844467e-01	-9.463489e-02	-1.619512e-01	-3.864734e-01	-2.593514e-01	-2.527707e-02	-4.422940e-01	-5.878661e-01	-6.719981e-01	-8.668551e-02	6.672858e-01	6.439934e-01	-2.237741e-01	4.780972e-01	5.814101e-02	-2.834624e-01	1.192180e-01	2.061911e-01	-2.353816e-01	1.410231e-01	-2.671050e-01	-8.345840e-01	-4.363054e-01	-2.758756e-01	-1.024913e-01	2.351681e-01	4.658928e-01	2.768652e-01	-3.383254e-01	4.940143e-02	3.547052e-01	3.157161e-01	-2.151738e-01	7.390928e-02	-1.107581e-01	7.367358e-02	2.375509e-01	2.229347e-01	-1.477586e-01	-2.477710e-01	-3.082111e-01	-3.721413e-03	2.207770e-01	3.527845e-01	2.864406e-01	-5.120291e-01	-8.105005e-02	-6.579517e-01	-1.273326e-01	-2.825818e-02	5.012285e-02	-3.499857e-01	-6.395474e-01	2.628206e-01	3.639675e-01	-2.174163e-01	1.667823e-01	5.815200e-02	-6.167625e-01	3.930094e-02	-3.636376e-01	-4.164137e-01	-2.113296e-01	-4.146826e-03	-3.010067e-01	-1.664212e-01	-5.190139e-01	-1.035586e-01	-3.243791e-01	-8.882603e-02	-6.480703e-02	-1.643046e-01	2.911905e-01	-6.974795e-01	1.416714e-01	2.576101e-01	-1.153173e-01	2.443698e-01	3.964296e-01	1.993450e-01	3.101902e-01	-1.311598e-02	-1.134483e-01	-1.758326e-01	1.051433e-01	2.948785e-01	5.329809e-02	-1.791613e-02	4.178579e-01	-6.388796e-01	-3.217413e-01	-3.274691e-01	-3.357725e-04	2.290160e-02	-8.359317e-01	-3.853828e-01	1.448544e-01	-6.038248e-02	-3.229706e-02	5.588162e-01	2.314012e-01	1.911133e-01	-1.408555e-01	-5.881258e-01	3.282226e-01	-1.480220e-01	2.800868e-01	2.278401e+00	-4.568982e-01	4.163653e-01	-1.986510e-01	-3.575405e-01	-6.873712e-02	-1.905399e-01	-3.099779e-01	-1.359611e-01	7.680139e-02	6.184761e-02	-1.079893e-01	5.911503e-01	9.179675e-01	-6.627083e-02	-6.081972e-01	1.813287e-01	-2.699232e-01	-3.711575e-01	-4.215408e-02	-5.022524e-02	2.304790e-02	4.350968e-02	-1.294419e-01	1.093871e-01	2.468095e-01	-1.006354e-01	7.099575e-01	-1.984760e-01	-5.046828e-02	-5.619873e-01	5.970092e-01	-8.399403e-01	-5.549822e+00	1.011420e-01	-2.794891e-01	-1.322211e-01	5.096322e-01	1.923807e-02	1.180398e-01	-8.205999e-02	3.981815e-01	1.984411e-01	5.085766e-01	-4.750043e-01	3.271345e-01	-2.494466e-01	5.059907e-01	3.065913e-02	1.895359e-01	2.015907e+00	-6.726276e-01	3.121598e-01	5.034576e-01	2.111014e-01	-4.070603e-01	-3.183007e-01	-1.881355e-01	-4.996897e-01	1.079877e-01	-7.109572e-01	9.691796e-02	-1.654417e-01	-1.862852e-01	1.090169e-01	-1.688536e+01	2.853760e-01	3.074765e-01	-3.780518e-01	4.239421e-01	3.077761e-03	-2.666613e-01	-3.520097e-01	8.097488e-01	5.758360e-02	-1.837818e-01	-5.880368e-03	-1.859984e-01	2.372416e-02	1.259843e-01	-3.642213e-01	-3.888906e-01	-1.643828e-01	-3.797891e-01	1.165347e-01	2.584470e-01	-9.176131e-02	-1.267416e-03	-6.545600e-01	3.215960e-01	-7.006280e-02	6.432123e-01	-4.268692e-01	-1.916390e-01	1.359063e-01	-1.328238e-01	-5.607070e-01	1.170387e-01	-4.195591e-01	-6.095848e-02	9.431179e-01	3.098659e-02	2.338226e-01	1.883596e-02	-1.631246e-04	-1.715820e-01	1.411705e-01	5.720718e-02	-3.617056e-01	8.794168e-02	1.291610e-01	-3.299151e-01	-7.706216e-02	-1.891386e-01	-9.383484e-01	-2.487469e-01	4.817996e-02	5.361890e-01	3.985629e-01	-4.539373e-01	7.668357e-02	4.015345e-02	-8.449882e-02	9.529560e-02	1.178261e-01	3.269438e-01	1.310862e-01	7.439104e-02	5.404836e-01	-4.040751e-01	6.386021e-02	-9.986643e-02	-1.274825e-01	-8.631140e-02	3.097813e-01	-7.873913e-02	3.149946e-01	-5.592682e-01	-1.995787e-01	7.166215e-02	1.081270e-01	1.144172e-02	-6.990725e-02	-3.917724e-01	-1.916173e-01	-1.990417e-01	1.025082e-01	-8.770816e-02	-5.457959e-01	-1.550695e-01	-3.056215e-01	-9.569778e-01	3.436948e-01	-4.713632e-01	5.875050e-02	-2.215652e-01	5.353193e-01	2.048604e-01	-2.628156e-01	2.986753e-02	3.371539e-01	1.611786e-01	-4.959132e-01	-4.270150e-01	3.008938e-03	-9.868722e-02	-2.803022e-02	1.811294e-01	-3.636222e-02	2.995496e-01	1.321998e-01	-1.968212e-01	-3.303533e-02	2.386964e-01	2.096771e-01	3.248849e-01	-6.434680e-01	3.219710e-01	-3.590387e-01	-3.003421e-01	1.649209e-01	-2.492524e-01	2.760666e-01	2.779736e-01	1.273632e-01	-4.561483e-01	-2.310400e-01	-1.299096e-01	-2.553264e-01	-1.105519e-01	-2.127147e-01	-2.111684e-01	-1.016933e-01	-1.460079e-01	-1.420739e-01	-6.000168e-01	2.188905e-01	-7.483926e-01	-2.965599e-02	-1.142593e-01	-3.728268e-01	9.128931e-02	-2.385001e-01	1.911506e-01	-4.181594e-01	-1.085083e-01	2.651917e-01	3.337882e-01	-1.120274e-01	-3.395294e-01	-2.744318e-01	-3.490807e-02	5.693915e-01	-5.492068e-02	1.539751e-01	-3.764564e-01	3.828756e-01	3.255645e-02	-1.428636e-01	5.065742e-02	-7.422835e-01	-1.546655e-02	-3.652833e-02	-9.833209e-02	5.468992e-01	-1.743374e-01	-1.449168e-01	4.467295e-01	1.002456e-01	5.183466e-01	-6.598442e-02	-3.558254e-02	5.323543e-02	-4.572973e-01	-1.457826e-01	4.828235e-01	-6.981591e-01	-2.006747e-02	-3.082083e-01	-6.482692e-02	-5.540743e-01	-2.861392e-01	-9.438217e-02	1.164660e-01	6.037610e-01	-7.213131e-02	2.778852e-01	3.303014e-01	8.308553e-01	4.464290e-01	2.176631e-01	1.413189e-01	6.064371e-01	-1.426749e-01	2.661326e-01	2.096440e-01	-1.095152e-01	-3.129369e-01	1.022652e-01	-2.111024e-02	-3.336216e-01	4.852516e-01	-1.023201e-01	4.458890e-02	2.661808e-01	1.542528e-01	-2.688976e-02	-2.878375e-01	4.699250e-02	4.898613e-01	4.826177e-01	-9.924470e-02	5.917868e-03	7.819317e-02	2.474310e-01	-7.542796e-02	-1.689639e-01	-3.359489e-01	1.466018e-01	1.885864e-01	-2.974440e-01	-3.788270e-01	-1.324253e-01	1.569667e-01	-3.353113e-01	2.189328e-01	-1.677678e-01	-7.080992e-02	1.726486e-02	2.097442e-01	1.241452e-01	-9.969491e-02	6.807297e-01	-1.951263e-01	-1.468117e-01	-1.022996e-01	-9.924879e-03	2.635066e-02	-3.901762e-01	5.979357e-01	1.526007e-02	-1.832476e-01	-5.501446e-01	1.167902e-01	-3.448483e-01	-3.637558e-01	3.460473e-01	3.113832e-01	5.230492e-01	-8.758505e-02	-1.102865e-01	-2.985974e-02	-8.236073e-02	8.776733e-02	-1.018538e-01	4.761079e-02	5.375972e-03	3.996737e-01	4.545358e-01	-1.608208e-01	-4.516178e-01	-1.766143e-02	2.421269e-01	2.062844e-01	-3.261675e-01	-1.461222e-01	1.120860e+00	-2.903766e-01	4.482142e-01	-2.935621e-01	2.240929e-01	-7.667056e-02	-5.454052e-01	2.427523e-01	-8.074325e-02	4.158158e-01	5.737154e-01	1.635419e-01	1.444686e-01	4.534553e-01	-2.935270e-01	2.808506e-01	2.728817e-01	-3.110105e-01	-1.290595e-01	1.591269e-02	-4.239893e-01	-3.941433e-01	-5.705369e-02	-2.462990e-01	-1.443721e-01	-1.191443e-02	1.873346e-01	1.650395e-01	1.027730e-01	3.544720e-02	2.749058e-02	-2.410851e-01	6.005367e-02	-1.704223e-01	-1.696209e-01	-4.483552e-01	8.385325e-02	-3.459305e-01	-4.136867e-02	-8.953454e-01	4.527352e-01	8.514360e-02	-2.405573e-01	4.258816e-01	-4.090986e-02	4.965426e-01	-6.395847e-02	7.771322e-01	-4.734742e-02	1.631589e-01	4.610581e-01	-2.030758e-01	-6.104716e-02	-8.736708e-01	1.795552e-01	-2.514956e-01	-6.711948e-01	-2.621696e-01	-3.695608e-01	6.717324e-01	2.495544e-01	-2.105271e-01	-4.456834e-01	-5.246054e-01	-7.986163e-01	-8.833823e-02	-2.472671e-02	1.252069e-01	-1.375744e-02	4.961034e-01	6.201482e-01	8.449009e-02	-2.686590e-02	-2.579574e-02	-2.077377e-01	-3.645965e-01	7.510351e-02	9.529822e-02	-2.196693e-01	-1.772386e-01	1.327384e-01	1.993710e-01	2.714832e-01	1.256396e-01	1.755104e-01	9.316092e-02	-3.087727e-01	-1.948653e-01	-2.619081e-01	5.038758e-02	-8.321207e-02	-7.441630e-03	1.800643e-01	-1.847557e-01	8.811557e-02	5.451878e-01	8.419766e-01	1.002003e-01	-9.659829e-02	-6.891121e-01	-5.571849e-02	-1.524606e-01	-1.531951e-01	-1.875367e-03	1.224710e-01	-3.241585e-01	-8.777717e-02	5.310122e-01	-1.505129e-01	1.535162e-01	1.234943e-01	1.341768e+00	-2.906837e-01	5.758847e-02	-1.428362e-01	-1.890131e-01	-2.798303e-01	-3.467025e-02	4.789149e-01	3.016993e-02	6.143462e-02	1.430791e-02	-4.800038e-01	1.867488e-01	3.287998e-01	-4.661768e-01	1.938320e-01	-7.936067e-02	1.308334e-01	2.431981e-01	2.215154e-01	1.246118e-01	8.967633e-02	1.267414e-01	1.919734e-01	4.267079e-01	1.431611e-01	-2.136546e-01	1.197319e-01	6.185018e-02	2.242834e-01	1.083338e-01	-4.927118e-02	-1.336530e-02	8.335415e-02	-4.580323e-01	4.046705e-02	2.375266e-01	-5.618423e-01	1.644788e-01	1.424749e-01	-3.317583e-02	5.552476e-02	-9.218104e-02	2.127897e-01	1.883324e-01	1.356478e-02	1.164228e-01	-8.669625e-02	3.470594e-01	-1.991861e-01	-9.392688e-02	9.770975e-02	-2.440899e-01	-6.253231e-01	-4.124028e-01	1.681191e-01	-3.387217e-02	2.317377e-01	-1.932807e-01	4.722303e-01	-1.058839e-01	-2.002178e-01	-3.547464e-01	-3.528961e-01	2.155980e-01	-9.385098e-02	-2.765901e-01	4.081600e-01	-3.102058e-01	1.298066e-02	-1.572857e-01	2.131733e-01	-4.929992e-02	7.935959e-01	-4.184825e-01	-2.190642e-01	-2.143492e-01	1.026864e-01	6.448451e-02	-2.412750e-01	-3.585784e-01	6.912556e-02	6.735545e-02	1.216518e-01	7.824966e-02	-6.143863e-01	3.566948e-01	-5.765796e-02	-2.950758e-02	2.767686e-01	-2.400226e-01	-5.969775e-01	-6.431831e-01	-3.240325e-01	5.138618e-01	-1.684569e-01	7.067892e-02	4.554576e-01	-1.388640e-01	7.472630e-01	-2.505520e-01	4.447154e-01	3.262370e-01	-2.330102e-01	3.335547e-01	-5.476738e-01	-1.559571e-01	-1.223069e-01	-4.120096e-01	7.974996e-02	4.962726e-01	3.926258e-01	-1.371345e-01	5.606595e-01	3.633614e-02	-2.798514e-02	5.196478e-01	-1.179351e-01	-9.593871e-02	-4.898566e-02	3.591208e-01	-8.185433e-04	-3.264273e-01	7.392000e-02	9.376275e-02	-1.658008e-01	6.137322e-02	4.430915e-02	2.595211e-01	-1.462137e-01	2.798144e-01	3.145820e-01	2.577150e+00	9.980976e-02	-1.349167e-01	-1.849026e-02	4.565662e-01	2.876391e-01	-1.937405e-01	1.315097e-01	-4.942831e-01	-1.120608e-02	9.619538e-02	-3.101199e-01	-7.230652e-02	-3.016144e-01	1.484062e-01	1.712983e-01	9.542476e-02	-1.547470e-01	-1.476339e-01	4.653769e-02	2.881123e-02	-3.003743e-02	-5.948713e-01	-1.763306e-02	1.830997e-01	-1.575838e-01	4.191478e-01	1.028559e-01	-8.404952e-01	-5.762374e-01	-5.389939e-01	4.988003e-01	-3.166747e-01	-8.170571e-01	1.125097e-02	5.150369e-01	-7.445748e-02	
-8.413732e-02	-4.181431e-01	4.499770e-01	-5.825225e-02	3.473905e-01	3.284205e-01	-1.114465e-01	2.621167e-02	-7.105958e-02	2.773108e-01	-2.538966e-01	3.793546e-01	1.887033e-01	1.741069e-01	2.260897e-01	-2.973003e-01	8.483089e-01	-7.800168e-01	-2.416336e-01	5.157258e-02	1.164224e-01	3.560546e-01	2.472280e-01	1.985433e-01	-3.768053e-01	6.583031e-01	-4.387853e-01	-4.421248e-01	-7.872300e-02	-4.664484e-01	1.919710e-01	4.020194e-01	-4.916735e-01	4.634486e-01	-8.965588e-02	2.754314e-01	-1.509631e-01	1.226786e-01	3.712766e-01	-5.898004e-02	-4.674971e-01	4.820421e-01	-2.596305e-01	1.065199e-01	2.387999e-01	-6.085454e-01	3.896232e-01	1.494148e-02	-2.137022e-01	1.836145e-01	-1.956285e-01	-8.631392e-02	2.154458e-01	-1.864715e-02	1.435122e-01	2.131649e-01	1.289324e-01	2.373331e-01	9.265996e-02	7.475798e-02	1.322761e-01	-6.675997e-02	-5.196964e-01	-1.263345e-01	-8.221302e-03	1.658510e-01	-1.136419e-01	-2.118548e-01	4.908839e-01	5.550697e-01	-2.066600e-01	-1.010986e-01	2.493412e-01	1.676219e-02	5.166528e-03	7.717133e-01	1.881344e-01	-1.304356e-01	-8.148494e-01	-2.952340e-01	7.410194e-01	4.268391e-01	1.471496e-01	-3.121017e-02	-1.246305e-01	4.403946e-01	4.401954e-01	3.405782e-01	8.617660e-01	-1.159285e+00	-1.050000e-01	-2.793097e-02	1.384338e+00	9.325655e-02	-2.774384e-01	8.853443e-01	1.517528e-01	3.872820e-01	3.666897e-02	2.094575e-01	-4.796950e-01	-2.482807e-01	6.068416e-01	2.815713e-02	3.753586e-01	-4.183843e-01	8.484737e-02	1.888438e-01	8.078537e-02	3.697086e-01	9.822142e-02	-1.583752e-01	1.624521e-01	-2.130999e-01	1.073472e-01	-3.016588e-01	-3.071523e-01	6.211101e-01	7.556413e-01	4.784542e-02	2.029054e-01	1.022982e-01	-6.481507e-02	4.261931e-01	2.538570e-01	-2.273384e-01	-2.499319e-01	1.615102e-01	-1.564487e-02	9.827827e-02	-3.000410e-01	-1.396608e-01	2.767424e-02	1.922666e-01	7.530547e-01	-3.165292e-02	1.264329e-01	-1.866515e-01	-1.564693e-02	6.223515e-01	-8.077599e-02	-9.843713e-02	-2.396000e-01	-6.974206e-02	-3.648174e-01	2.332361e-01	-3.453960e-01	-5.351809e-02	-7.538408e-01	-5.468644e-01	-3.561215e-01	5.990406e-01	6.750902e-01	-1.320539e-01	-2.907256e-01	1.739458e-01	5.650076e-01	9.892856e-02	-3.733419e-01	3.124171e-01	-3.048041e-01	4.020190e-01	-7.536154e-01	3.537094e-01	-1.732909e-01	-1.550222e-01	2.597215e-02	-1.305016e-01	-9.902009e-02	1.370969e-01	-2.496864e-02	1.906417e-01	-3.739024e-01	-7.592615e-02	4.872611e-01	4.073748e-01	2.819929e-01	7.513708e-02	-2.954285e-01	-5.098832e-01	-8.803849e-01	2.155459e-01	-2.879386e-02	6.990979e-03	-6.842592e-02	-1.885720e-01	9.279459e-02	3.549617e-02	-1.409875e-01	1.044302e-01	-2.564024e-01	-1.837650e-01	-3.222987e-01	4.167225e-01	-3.718433e-01	7.098090e-01	-3.208668e-01	9.961168e-02	-4.924627e-02	-1.377215e-01	-5.885852e-01	-1.456481e-01	1.243230e-01	1.735644e-01	-3.919580e-01	4.364328e-01	1.563463e-02	1.368968e-01	-2.515144e-03	5.301268e-01	-1.399479e-01	1.080374e-02	6.151935e-01	-1.212637e-01	2.585202e-01	4.905767e-02	-3.474946e-02	-4.658894e-02	-7.769439e-02	1.973402e-01	-3.086471e-01	-3.237205e-01	-1.495069e-01	-4.083020e-01	-1.472256e-01	-1.694412e-01	2.409402e-02	3.517281e-01	-4.936719e-02	-2.574804e-01	-6.083469e-01	-1.366512e-01	-2.939525e-01	4.192222e-01	-1.451502e-01	1.726294e-01	2.624092e-01	-1.274019e-01	-3.201643e-01	7.536176e-02	-4.679056e-01	3.910325e-01	1.175826e-01	8.152209e-02	1.572667e-01	2.194404e-01	2.736044e-02	-2.705976e-01	-5.391848e-02	2.069613e-01	-3.623001e-01	3.110660e-01	1.882732e-02	-3.203142e-01	-3.578658e-01	3.249000e-01	-1.045356e-01	-1.454585e-01	1.179021e-01	-2.034532e-01	4.284757e-02	-7.982532e-01	-9.284170e-02	1.884374e-01	3.023000e-01	1.823779e-01	1.414900e-01	1.493128e-01	-3.901400e-01	3.205500e-01	-1.703915e-01	3.451067e-01	6.719583e-01	1.317784e-01	-3.426509e-01	1.410822e-01	-1.613580e-01	-2.821068e-01	-4.397664e-01	1.629439e-01	-1.106149e-01	-1.793835e-01	-2.408309e-01	-1.518729e-01	-3.970916e-01	-2.151241e-01	2.353561e-01	-1.185054e-01	3.603135e-01	-1.251506e-01	-3.829876e-01	-5.492810e-01	2.476547e-01	6.343376e-01	-2.721055e-01	-4.212792e-01	-4.631474e-01	-1.139425e-01	-2.840066e-01	-7.105542e-02	6.301587e-01	6.613620e-01	-2.860870e-01	6.818169e-02	-4.937399e-01	4.841653e-02	-3.719231e-01	-3.884923e-01	7.196133e-01	2.405235e-01	-8.916259e-01	4.414592e-01	-4.728126e-01	1.864347e-01	3.550457e-01	-2.151206e-01	3.560882e-01	6.108803e-02	-3.779294e-01	-1.143394e-01	-9.261244e-02	3.285689e-02	6.454031e-01	4.312421e-02	-5.294018e-01	5.071187e-02	2.252796e-02	-6.861575e-01	-1.496982e-01	1.250539e-01	-3.722435e-01	1.294891e+00	-2.084556e-01	-5.661812e-01	1.126199e-02	3.339751e-02	-8.055991e-02	1.633486e-02	-5.017772e-01	-1.424738e-01	-1.382770e-01	-3.078964e-01	7.926443e-01	-7.801930e-01	6.500813e-02	-1.491220e-01	2.619029e-02	9.459777e-01	-2.838928e-01	-1.186693e+00	6.314097e-02	1.195809e-01	2.859287e-01	8.035567e-02	1.449120e-01	1.649222e-01	-5.801508e-01	1.293880e-02	4.037721e-01	-3.457371e-01	-2.750547e-02	3.429396e-01	-8.645993e-02	4.003464e-03	-6.531123e-01	2.248455e-01	-1.250324e-01	-1.694034e-01	2.934534e-01	1.290192e+00	2.597134e-01	9.988859e-01	-2.799695e-01	-8.982941e-01	3.329967e-01	1.939656e-02	3.719298e-02	-8.469837e-01	6.749456e-01	-1.597544e-01	5.838763e-02	-1.180825e-01	-1.667232e-01	-2.463649e-01	3.351471e-01	8.718570e-02	2.291667e-01	8.614589e-02	3.329975e-01	9.076601e-02	1.097798e-01	2.590500e-01	-6.821135e-03	-2.648098e-01	5.935272e-02	2.950171e-01	1.785888e-02	2.293986e-01	-7.210878e-01	-1.887146e-01	4.148037e-03	5.921523e-02	1.389442e-01	3.042400e-01	-2.715981e-01	6.018711e-01	6.305760e-01	7.155454e-02	1.175720e-01	1.860735e-02	3.454547e-01	2.700394e-01	2.861622e-01	3.390142e-01	5.909872e-01	5.425881e-01	-1.185202e+00	1.024611e-02	8.185963e-02	3.642701e-01	-3.995975e-02	-1.120587e-01	1.687017e-01	-1.575668e+00	-1.785271e-02	3.082947e-02	-1.679956e-01	-3.697705e-01	-4.947560e-01	-1.417287e-01	-5.206175e-01	-2.237587e-01	-3.146169e-01	-2.227417e-01	-1.114945e-01	-4.387129e-01	1.868205e-01	-4.052567e-01	-3.837707e-01	-3.084465e-01	-6.125816e-02	-1.850793e-01	-8.492880e-02	1.198279e-01	-9.869514e-02	-3.970012e-02	-4.146412e-01	-1.954875e-01	2.837804e-01	5.370083e-01	1.851493e-01	-4.313328e-01	5.998566e-02	-1.337117e-01	3.964977e-02	1.519072e-01	-3.455247e-01	-9.577440e-02	3.421245e-02	-7.474206e-01	-2.347486e-01	3.549777e-01	3.306665e-01	-7.192042e-02	-1.992953e-01	-4.930452e-01	-5.060776e-01	-3.174272e-02	3.830701e-01	3.650643e-01	-4.919568e-01	3.891022e-02	-2.100553e-01	-3.563605e-01	2.781004e-01	-3.425894e-01	-2.304541e-02	-4.657039e-01	3.736955e-01	2.627008e-01	1.147157e-01	3.059503e-01	1.143458e+00	-3.717408e-02	-8.528620e-02	-8.440929e-04	1.681672e-01	8.125298e-02	3.838087e-01	2.457973e-01	1.039517e-01	-7.825718e-02	-3.100367e-01	-9.966049e-01	1.184224e-01	6.501050e-02	-8.115321e-02	-2.448450e-01	7.613764e-01	7.916072e-01	-1.890896e-01	5.187253e-01	-5.546627e-02	-3.134473e-02	1.280925e-01	-3.746749e-01	-3.360917e-01	-1.383089e-02	-2.515128e-02	-3.749551e-01	1.156628e-01	-1.035300e+00	-6.920451e-01	-6.957292e-02	3.574769e-02	3.509204e-01	1.012473e-01	-3.090180e-01	2.246168e-01	-1.286159e-01	-1.996979e-01	2.833080e-01	1.857688e-01	-3.922802e-01	2.938564e-01	-7.322854e-01	-3.219524e-01	-5.819121e-02	4.567013e-02	1.652476e-01	-9.859116e-02	3.366158e-01	-9.946585e-02	3.178213e-01	2.701576e-01	1.101857e+00	-1.567247e-01	4.775743e-01	2.380414e-01	1.886348e-01	-1.250092e-01	-1.672625e-01	-1.586761e-01	7.848973e-01	-4.792226e-02	8.327379e-03	-7.488491e-02	4.708187e-01	3.320581e-01	-2.125553e-01	-1.251313e-01	-3.904993e-01	2.549273e-01	-2.650919e-02	-1.736331e-01	2.272125e-01	-5.389958e-02	-1.903054e-01	3.314689e-01	-1.246102e-01	-2.505139e-01	-2.986835e-01	3.070334e-01	2.486590e-01	7.374191e-02	9.493893e-02	-2.109959e-01	1.661932e-01	3.346469e-02	1.024296e-01	-7.939292e-02	3.281298e-01	2.351341e-01	1.929525e-01	-3.999259e-01	2.372698e-01	-3.095089e-01	-7.901793e-03	-1.473449e-02	-3.038586e-02	-1.689270e-01	-5.073959e-01	7.025100e-02	4.746831e-02	-2.183299e-01	-2.803410e-01	-1.739949e-01	3.851612e-01	1.579557e-01	-9.220999e-02	2.422289e-01	1.920114e-01	-1.019971e+00	-1.985723e-01	1.063175e-01	-2.127819e-01	4.984772e-01	-3.330331e-01	4.430231e-01	3.876815e-01	1.984614e-01	-3.766334e-01	-2.797914e-01	-6.770645e-01	-5.564720e-01	9.314224e-02	8.932278e-02	-3.789880e-01	-1.685981e-01	-4.240096e-01	-2.737972e-02	-1.904735e-01	-1.763275e-01	-2.671566e-01	1.815411e-01	-3.791781e-01	-4.661798e-01	5.217928e-01	2.396640e-01	5.805518e-01	3.937164e-01	-3.042603e-01	7.221794e-01	2.248755e-01	-8.809950e-02	3.149754e-01	4.535078e-01	6.171914e-02	2.077045e-01	-3.346018e-03	-6.457183e-02	2.502427e-01	-3.980204e-02	-2.193126e-01	5.167843e-02	4.719753e-01	-3.560676e-01	3.501970e-01	4.636057e-02	-2.504883e-02	-5.655786e-02	3.747827e-01	3.327892e-01	-2.006472e-01	-2.049585e-01	-4.555539e-02	-3.176622e-01	7.021608e-01	-4.946058e-02	-1.236430e-01	8.506690e-01	-1.518221e-02	2.935916e-01	-7.273770e-02	6.790075e-02	6.182215e-01	2.041626e-01	-4.704769e-02	-3.419760e-01	2.245384e-01	1.739707e-01	4.313465e-01	2.619981e-01	-5.229735e-01	-3.635445e-01	1.528546e-01	-4.246227e-01	-5.944131e-02	2.426412e-01	2.536429e-01	-4.556254e-02	4.810278e-01	1.635238e-02	2.870025e-01	8.826050e-02	2.503712e-01	1.688766e-01	3.002376e-01	-1.936520e-01	-1.718835e-01	2.986989e-02	-2.992283e-01	1.082230e-01	-1.099328e-01	-3.819681e-01	2.768692e-01	-1.120245e-02	-1.882451e-01	-2.657978e-01	5.824826e-02	6.485852e-02	3.455518e-01	-1.637563e-01	-9.600782e-02	-5.017092e-01	-9.037840e-02	7.355992e-02	1.845102e-01	4.922706e-01	-1.927958e-02	1.617657e-01	-6.211739e-01	3.194446e-01	-6.276158e-01	-5.739031e-01	-5.136495e-01	-2.081826e-01	-3.747226e-01	-2.695404e-02	4.366402e-01	7.247955e-01	-3.926666e-01	-8.483939e-02	-1.245982e-01	2.387710e-01	-1.899071e-01	5.481597e-02	-5.333115e-01	-3.796400e-01	2.059863e-01	6.958710e-02	-5.587175e-03	-3.803442e-01	8.834103e-02	6.620054e-02	-6.011704e-02	1.247323e-01	1.435257e-01	-6.170955e-02	7.539845e-02	-8.547219e-02	-2.193556e+00	-2.596973e-01	-6.829979e-02	5.640884e-02	-2.365594e-01	2.389283e-01	9.213377e-01	1.116636e-02	-6.090408e-02	7.676465e-02	-5.692611e-01	-2.784868e-01	8.640542e-03	-3.042411e-01	2.266551e-02	2.880660e-01	-2.858687e-02	4.591683e-01	-4.150769e-01	-2.454546e-01	1.450398e-02	-3.552919e-01	-1.768409e-01	-1.418545e-02	1.288079e-01	-4.359157e-01	4.705438e-01	3.058538e-02	2.364141e-01	-3.140806e-01	-1.038462e+00	4.870838e-02	-5.999525e-01	1.855562e-01	-1.877188e-02	1.657029e-01	-2.527651e-01	-1.701895e-01	-2.619401e-01	-1.209738e-01	5.922260e-02	1.350620e-02	1.737903e-01	-1.186301e-01	-2.615407e-01	-1.683743e-01	-1.939380e-01	-1.467419e-01	-5.333814e-02	1.118522e-01	-2.916354e-02	2.488271e-01	-2.795396e-01	1.935399e-01	-6.575961e-01	7.557908e-02	-5.488391e-01	4.521182e-01	1.090972e+00	-4.742336e-01	4.438609e-03	-5.394164e-01	2.217461e-01	-1.853711e-01	-1.109228e+00	3.458575e-02	2.055690e-02	4.743925e-01	5.212376e-01	-5.843926e-01	3.610122e-01	-1.400794e-01	3.574264e-01	-1.724910e-01	-2.785002e-01	-7.239985e-02	1.636310e-01	-6.982185e-01	8.194472e-01	-2.471008e-01	4.315474e-01	4.656758e-01	-4.455446e-01	1.461277e-02	2.614762e-01	-2.474787e-01	-9.206893e-02	-9.997590e-03	-2.383536e-02	6.818513e-01	-7.927558e-02	-9.042443e-02	-1.152261e-02	-6.459679e-02	-2.003613e-02	2.054218e-02	-1.131997e-01	8.417661e-02	-3.385465e-02	-1.426566e+00	-4.252984e-01	3.494163e-01	3.183349e-01	1.051873e-01	-5.720409e-01	3.411419e-01	-2.738479e-01	-4.137338e-01	1.738590e-01	-1.486789e-01	-4.915172e-01	4.178728e-01	1.716036e-01	6.175375e-02	-3.988108e-01	-1.163905e-01	1.386842e-02	4.046620e-01	3.378425e-01	-5.637642e-02	-5.467514e-01	7.034890e-02	5.159836e-01	1.891028e-01	2.955895e-01	4.541307e-01	-8.011462e-01	1.710299e-02	1.581461e-01	1.000387e+00	5.355841e-02	-4.738999e-01	2.758369e-01	1.965527e-01	2.626113e-01	-2.035336e-02	1.557038e-01	-1.912086e-01	-6.412989e-01	6.828021e-02	-1.267943e-01	-9.582819e-02	-2.593955e-01	1.171288e-02	3.421144e-03	3.791227e-01	3.316496e-02	1.782694e-01	8.847266e-02	4.148926e-01	-3.590840e-01	-3.699552e-01	-1.192841e-01	-4.898953e-01	2.069763e-01	5.212542e-01	-2.369326e-01	2.410021e-01	-1.864248e-01	3.590283e-01	8.219431e-02	-1.778528e-01	-1.964452e-01	-2.504572e-02	2.610899e-01	-9.605542e-01	9.996531e-02	8.731721e-02	-2.115685e-01	1.551686e-01	1.709256e-01	2.054956e-01	-3.580152e-02	-1.478381e-01	-1.024048e-01	2.868808e-01	1.386515e-01	-6.219528e-01	-6.031045e-01	-1.356962e-02	2.015495e-01	-1.407634e-01	2.347182e-01	-4.004847e-01	-7.257411e-01	-9.178326e-01	-8.489894e-01	-5.981904e-01	6.122235e-01	6.027713e-01	-9.735750e-02	5.581084e-01	-3.666683e-01	1.985081e-01	-1.761696e-01	-7.101575e-01	-1.866277e-02	-2.532491e-01	4.958983e-01	1.756603e+00	-1.978904e-01	-1.959808e-02	-1.567711e-01	-1.807584e-01	-2.636818e-01	-2.301961e-01	-1.770304e-01	1.087150e-01	2.298509e-01	4.758488e-02	-3.362751e-01	5.808690e-01	5.556657e-01	1.242219e-01	-1.144126e-01	-7.852486e-02	-2.638291e-01	-6.281471e-01	-2.434837e-01	-3.991604e-02	-1.214637e-01	-9.376266e-02	-2.230927e-01	2.908627e-01	3.750423e-01	-2.673200e-01	6.297801e-01	-4.462273e-01	-2.079912e-01	-4.722868e-01	8.368864e-01	-6.836486e-01	5.029307e-01	-1.804097e-01	-6.747008e-01	-3.942520e-01	9.858384e-02	-2.923515e-02	5.213744e-02	-5.639425e-02	1.138169e-01	-4.129033e-01	6.756776e-01	-3.691592e-01	4.594706e-01	1.657518e-01	-5.311229e-01	-6.853978e-02	-2.361243e-02	1.822612e+00	-7.672219e-01	-1.982424e-02	5.028639e-02	-3.573603e-01	-4.840785e-01	-5.980561e-01	-1.858891e-01	-1.018175e+00	-9.970045e-02	-6.076173e-01	-2.465649e-01	-8.941785e-02	-6.393100e-01	3.112093e-01	-2.798344e+01	1.228328e-01	1.927335e-01	-4.397607e-01	3.529786e-01	-3.782867e-01	4.218619e-01	-1.011812e+00	1.024699e-01	3.306944e-01	-3.355290e-01	-1.137750e-01	-1.282552e-01	1.143797e-02	4.164990e-01	2.192003e-01	5.266431e-02	-4.839458e-01	-5.030604e-02	5.473782e-01	-3.805806e-01	-3.830640e-01	1.454039e-01	-4.925043e-01	6.172701e-01	-7.641710e-02	1.237753e-01	-3.534652e-01	3.068860e-01	-1.670291e-01	-2.678511e-01	-2.448305e-01	3.197683e-02	-2.757220e-01	3.526516e-02	1.245603e-01	2.188952e-01	7.875249e-01	7.248464e-03	8.086473e-02	9.370033e-03	-1.961807e-01	6.022723e-01	-1.637101e-01	4.571957e-01	6.359468e-01	2.543040e-01	-1.969848e-01	1.320227e-02	-8.845450e-01	1.568174e-01	-3.137688e-01	5.511559e-01	1.851548e-01	1.746464e-01	1.359719e-01	-4.511305e-01	-9.152841e-02	5.839190e-02	3.162130e-01	4.604187e-01	5.771226e-02	1.213128e-01	-3.785343e-01	-2.281953e-01	-6.998315e-02	2.572027e-01	-4.638874e-01	-1.483377e-01	1.258871e-01	-4.589420e-01	-5.430614e-01	-6.411593e-01	7.162916e-01	7.627438e-01	-1.850527e-01	1.902489e-01	-3.076754e-01	-9.522496e-02	-5.109960e-01	-8.816958e-02	1.366149e-01	2.934858e-01	-5.890484e-01	1.455560e-02	-4.135042e-01	-1.380029e+00	6.019700e-01	-2.729248e-01	4.769884e-01	-1.443467e-01	2.565671e-01	1.184868e-02	1.603437e-01	-1.055685e-01	9.711784e-01	1.406428e-01	-9.586150e-01	-1.123059e-01	-2.224238e-01	-7.443260e-01	-4.634241e-01	6.176994e-02	-1.269733e-01	5.003784e-01	-3.682325e-01	-9.102479e-01	-2.165559e-01	-1.127421e-01	-2.939453e-01	-1.710809e-01	-6.535077e-01	5.895485e-01	-4.827164e-01	-5.041460e-01	7.201646e-01	-7.727104e-01	-9.389871e-02	3.498993e-02	2.325621e-01	-4.960951e-01	-1.092337e-01	-7.438463e-01	1.103815e-01	2.439016e-01	1.357615e-01	-5.934617e-02	4.388252e-01	-1.973059e-01	-2.461692e-01	-5.632858e-01	3.036252e-01	-9.408147e-01	-3.281869e-01	3.547778e-03	-4.398146e-01	-2.818445e-01	-9.008030e-02	1.136466e-01	-1.439367e-01	-3.818621e-01	1.998636e-01	7.743768e-01	2.097486e-01	3.811622e-02	1.282223e-01	-4.847005e-01	1.866150e-01	5.399578e-02	3.778276e-02	-4.750078e-01	7.667378e-02	5.050630e-02	3.679257e-02	7.394887e-02	-4.472008e-01	-2.440300e-01	2.782893e-01	3.265827e-01	2.359498e-01	2.615161e-01	-3.271327e-01	4.022280e-01	3.918467e-02	2.673303e-01	-2.722417e-01	-6.920726e-01	2.171175e-01	-1.133248e-01	-3.469378e-01	4.845043e-01	-1.062925e+00	-8.078189e-02	-1.197255e-01	-8.226443e-02	3.946775e-01	-2.459910e-01	-3.787151e-01	4.813049e-01	3.519199e-01	9.473690e-02	2.266928e-01	2.906573e-01	7.979932e-01	-1.496702e-01	4.159883e-01	-1.069634e-01	7.693581e-01	-4.987918e-02	-4.179878e-01	-3.232819e-01	-3.604968e-01	-3.345853e-01	-1.930327e-01	-2.805282e-01	4.824629e-02	-8.385876e-01	7.371428e-02	1.182758e-01	-7.542811e-02	-3.909406e-01	-5.143116e-01	-3.618801e-01	-1.505785e-01	3.428017e-01	5.944325e-02	-4.181700e-02	1.110378e-01	-2.938237e-01	3.115377e-01	-6.695409e-02	-3.683400e-01	-9.929632e-02	2.374898e-01	-1.519735e-01	-3.606767e-01	-3.533094e-02	-1.561145e-01	-2.383542e-01	-4.337231e-01	1.160278e-01	5.209575e-01	3.791825e-01	1.699226e-01	-1.548688e-01	-1.569483e-01	-2.472057e-01	1.317218e+00	-3.657350e-02	-2.524248e-01	1.052236e-01	1.314414e-01	4.908608e-02	-4.670805e-01	6.783630e-01	-9.946541e-02	-1.666064e-01	-2.493546e-01	2.083943e-01	-3.297848e-01	-8.650984e-02	1.490868e-01	5.978165e-01	-1.062830e-01	-2.546729e-01	-3.605572e-01	-2.146199e-01	2.460782e-01	-4.130191e-01	-4.545387e-02	-5.241067e-01	4.689431e-01	8.715239e-01	6.014981e-01	9.584203e-02	3.324912e-02	3.912398e-02	1.562339e-02	-6.400459e-02	2.688913e-02	7.244929e-02	1.039831e+00	-9.504289e-03	1.086313e-01	-6.811649e-02	-9.225533e-02	-5.074929e-02	-3.600830e-01	3.976914e-01	-1.071624e-02	1.670507e-02	1.104720e+00	9.196208e-01	1.471570e-01	6.200426e-01	-3.263112e-01	1.900762e-01	2.145219e-01	-2.979040e-01	-8.714935e-01	5.759970e-02	1.712731e-01	-7.639279e-01	1.332853e-01	-2.090295e-02	-7.279366e-01	-5.649532e-01	-4.959248e-02	2.494712e-01	-2.573757e-01	-1.378090e-01	2.866003e-02	-4.419724e-01	3.660477e-03	-3.681096e-02	-1.204624e-01	-6.807104e-01	8.104604e-02	-4.748890e-01	-1.637742e-01	-4.399060e-01	-1.100973e-01	-1.318835e-01	-3.674184e-02	7.790387e-01	-3.921552e-01	3.032132e-01	3.661791e-01	7.021991e-01	-6.382006e-02	3.695733e-01	2.524135e-01	-1.148485e-01	3.999299e-02	-4.876951e-01	2.794874e-01	3.285771e-01	-2.942269e-01	-5.160298e-01	-1.049390e-01	5.706433e-01	6.701303e-01	-2.705538e-01	-5.542161e-01	-6.242934e-01	-4.517306e-01	-2.921462e-01	-3.363822e-01	-1.037297e-02	-1.014604e-01	2.716423e-01	3.548485e-01	-1.846351e-01	1.587259e-02	-4.124759e-01	1.541283e-01	5.316091e-01	-3.789458e-01	8.599347e-02	-5.797091e-02	8.044839e-03	8.628441e-02	6.926604e-02	-3.405590e-01	2.602689e-03	4.548190e-01	-2.339673e-01	-6.832322e-01	-3.596768e-01	-2.706728e-01	1.988659e-01	1.149185e-01	-3.481097e-02	6.781755e-02	-4.652474e-01	8.609404e-02	8.640856e-02	3.740468e-01	-4.188647e-02	-3.948216e-01	-2.946920e-01	4.309692e-02	2.609006e-01	2.713585e-01	-2.111021e-02	-4.785328e-01	-6.364230e-01	-5.096217e-01	5.035646e-02	3.761134e-01	-2.606132e-01	4.381494e-01	1.494291e+00	-3.202714e-01	-1.270035e-01	-4.227910e-01	-6.875437e-01	-2.450718e-01	2.758558e-01	1.860503e-01	-2.283726e-01	-1.761959e-01	-1.180791e-01	-3.608998e-01	-3.486726e-01	2.834458e-01	-3.572904e-01	5.240785e-01	-1.342372e-01	-6.072129e-02	3.717939e-01	3.476202e-01	2.207408e-01	3.454188e-01	-3.453981e-01	5.066454e-01	-5.666162e-02	-2.763893e-02	1.900226e-01	1.872569e-01	2.901886e-01	-8.440633e-02	1.672704e-01	-2.033934e-01	3.358536e-01	-1.534000e-01	-6.785784e-01	1.530283e-01	3.278365e-01	-4.066534e-01	5.182275e-01	-3.261861e-02	-3.656470e-01	2.431836e-01	3.650542e-01	3.819630e-01	-2.537369e-01	-3.521946e-01	-3.281222e-01	-3.718706e-01	6.723794e-01	-5.366447e-02	-1.775928e-01	1.682920e-01	-1.669165e-01	-3.362480e-01	-1.360502e-01	4.436358e-01	1.167175e-01	6.818308e-01	-5.619504e-01	4.405707e-01	2.381476e-01	-7.221945e-01	-1.675350e-01	-3.435791e-02	-1.851970e-01	-1.466801e-01	-8.545930e-02	4.678239e-01	5.050408e-04	3.272723e-01	4.306024e-01	5.172479e-02	1.171912e-01	3.668507e-01	-2.387096e-02	1.509640e-02	-2.085675e-02	6.879705e-02	2.929494e-01	-8.928873e-01	-4.002395e-01	3.231614e-01	-3.911200e-01	4.903208e-01	5.674211e-01	-4.213485e-01	2.644049e-01	-2.312403e-01	-5.269269e-01	-5.780593e-02	-1.707593e-01	-3.669865e-01	1.073390e-01	-8.342708e-01	-1.131524e-01	-3.265022e-01	-1.615739e-01	-2.452076e-01	1.473080e-01	9.663091e-01	-2.703307e-01	3.033024e-01	3.093458e-01	3.908211e-02	-5.152816e-02	-3.608897e-01	-8.768078e-01	3.629642e-01	-3.980539e-01	-6.900784e-02	3.111902e-01	5.715566e-01	-4.425912e-01	-7.672606e-02	1.046817e-01	3.429655e-01	1.777161e-01	2.956903e-01	-3.307008e-01	-9.809248e-01	3.717657e-01	1.665572e-01	-5.438550e-01	3.554310e-01	4.868536e-01	-4.620592e-01	-4.912642e-02	-6.459652e-02	3.716530e-01	-2.065279e-01	4.728807e-01	4.025010e-03	2.043889e+00	-2.584310e-01	-1.963992e-01	-2.983530e-01	-1.227398e-01	5.195822e-01	5.457875e-01	1.008368e-01	-6.545337e-01	1.088294e-01	-1.204521e-01	-1.107608e-01	4.830848e-01	-5.719766e-01	-4.062502e-01	1.965641e-01	-2.745010e-01	2.810843e-01	-1.446611e-05	-3.548421e-03	-1.347912e-01	-2.546501e-01	-4.424649e-01	-5.491450e-02	2.231403e-01	-5.029568e-01	6.176524e-01	-4.249876e-03	-8.056764e-01	-5.699576e-01	-5.703019e-01	-1.441767e-01	-5.473391e-01	-3.107122e-01	1.406932e-01	4.844884e-01	-1.835467e-01	1.425238e-01	-2.697762e-01	-2.797006e-01	-4.528556e-02	-1.959380e-01	1.229002e-01	-5.441486e-02	-1.977593e-01	-2.077694e-02	-3.223817e-01	-1.629440e-01	-1.835008e-01	-7.470775e-03	-7.486188e-02	1.355173e-01	-3.019567e-01	2.228132e-01	-5.290288e-01	1.137246e-02	-5.360751e-01	2.875486e-01	9.546785e-01	-4.835412e-01	4.606208e-02	-3.389612e-01	2.761372e-03	-3.218680e-02	-9.159253e-01	1.534381e-01	-6.496907e-02	5.982916e-01	3.720917e-01	-5.935230e-01	2.557213e-01	5.255473e-02	3.577203e-01	-2.757601e-01	-6.335942e-01	-2.327793e-01	1.266999e-01	-6.921798e-01	7.052860e-01	1.586419e-01	4.778282e-01	1.906898e-01	-2.852609e-01	-2.463086e-01	3.313673e-01	-9.079625e-02	-5.710672e-02	1.218609e-01	-1.659225e-01	9.465452e-01	-9.039985e-02	1.080614e-01	4.068732e-02	-2.149782e-01	-1.001955e-01	-5.436899e-02	-6.707289e-02	1.010062e-01	-1.945356e-01	-1.385705e+00	-3.705852e-01	2.665474e-01	2.226545e-01	1.372949e-01	-4.933979e-01	4.362192e-01	-2.325897e-01	-1.928997e-01	-6.156249e-03	9.239060e-03	-4.451802e-01	5.227208e-01	-1.805216e-02	-1.128604e-01	-3.958372e-01	-2.032630e-01	1.089733e-01	2.540952e-01	2.625449e-01	-1.986162e-02	-6.216717e-01	1.764195e-01	2.759738e-01	2.513714e-01	2.916610e-01	2.319063e-01	-4.824706e-01	1.166959e-02	2.657272e-01	8.448738e-01	1.836129e-02	-2.981935e-01	-1.119060e-01	1.413914e-01	4.391265e-02	3.413427e-02	1.473544e-01	-1.361116e-01	-5.383021e-01	4.276378e-02	3.020418e-02	-1.787859e-01	-1.533503e-01	-2.588211e-01	-8.253718e-02	2.707837e-01	-1.996619e-02	1.057010e-01	4.633035e-02	5.146446e-01	-3.197704e-01	-1.626667e-01	-5.570927e-02	-6.175784e-01	2.227146e-01	3.332791e-01	1.926363e-01	9.479068e-02	-2.687636e-01	4.321770e-01	-1.525897e-01	-3.189850e-01	-2.086951e-01	3.124116e-02	2.297892e-01	-9.685922e-01	1.314554e-02	1.585829e-01	-2.478434e-01	2.416714e-01	1.892339e-01	1.615923e-01	-7.278397e-02	-1.656578e-01	-3.438006e-02	3.867670e-01	7.715532e-02	-4.175375e-01	-5.909738e-01	2.609208e-02	2.675388e-01	-4.490834e-03	8.555336e-02	-2.236186e-01	-7.278031e-01	-7.312368e-01	-7.355036e-01	-3.578162e-01	5.399540e-01	5.832818e-01	-1.451560e-02	6.637508e-01	-2.035198e-01	6.331731e-02	-1.616380e-01	-7.169402e-01	8.254430e-02	-7.288100e-02	6.096718e-01	2.049137e+00	8.808128e-02	9.267609e-02	-3.274602e-01	-2.513312e-01	-2.343027e-01	-2.842616e-01	-1.949083e-01	5.353258e-02	1.025673e-01	1.463318e-01	-2.413363e-01	7.876458e-01	4.536788e-01	1.175755e-01	-2.928874e-02	-5.210764e-03	-2.306392e-01	-4.437822e-01	-1.477261e-02	6.851047e-02	2.645007e-02	-9.600860e-03	-2.627427e-01	1.960022e-01	5.660264e-01	-3.901250e-01	5.117937e-01	-2.390336e-01	-2.394049e-01	-3.705460e-01	9.034181e-01	-8.776124e-01	-4.648055e-01	-4.894906e-02	-6.995876e-01	-3.946289e-01	-1.877216e-02	6.219476e-02	5.509190e-02	-1.377975e-01	2.054169e-01	-1.033885e-01	6.169778e-01	-3.721279e-01	4.093317e-01	1.846581e-01	-5.780283e-01	5.842211e-02	9.887698e-02	1.651117e+00	-7.633424e-01	1.390779e-04	2.082679e-01	-4.423575e-01	-4.503542e-01	-5.100721e-01	-3.706323e-01	-1.030991e+00	-2.542878e-01	-6.398803e-01	-9.333328e-02	-1.481407e-01	-6.493250e-01	2.460657e-01	-2.192259e+01	2.925386e-01	2.748574e-01	-1.193143e-01	4.939369e-01	-4.596175e-01	2.732860e-01	-8.964197e-01	5.950769e-02	2.828817e-01	-2.794636e-01	-1.426364e-01	-3.233956e-01	-1.117390e-01	3.083515e-01	2.053705e-01	-9.836424e-02	-4.596560e-01	-2.205273e-01	3.469931e-01	-8.375767e-02	-3.687681e-01	1.483174e-01	-4.221623e-01	5.956610e-01	-7.263361e-02	3.713715e-01	-8.968930e-02	9.258904e-02	5.275674e-02	-3.053102e-01	-2.755563e-01	1.571498e-02	-2.163190e-01	8.224989e-02	3.274576e-01	-1.225549e-01	5.825455e-01	-1.314510e-01	1.227954e-01	-9.509728e-02	-7.335189e-02	4.215323e-01	-6.385437e-02	4.465699e-01	6.096176e-01	2.639035e-01	5.211782e-02	1.446984e-01	-1.031611e+00	1.463510e-01	-2.409955e-01	7.836734e-01	3.069923e-01	-2.011515e-02	9.113917e-02	-4.239100e-01	3.614329e-02	1.996913e-01	2.073946e-01	2.712499e-01	-1.281849e-01	3.136034e-01	-1.098939e-01	-2.174821e-01	-1.463590e-01	1.073835e-01	-3.496020e-01	-7.824177e-02	2.597744e-01	-3.086786e-01	-5.478757e-01	-5.027953e-01	4.987295e-01	6.599001e-01	-1.136664e-02	-3.532352e-02	-1.786049e-01	-2.365116e-01	-4.392285e-01	-1.330010e-01	1.481537e-01	2.768129e-01	-5.651097e-01	-1.320220e-01	-2.736983e-01	-1.364542e+00	7.014383e-01	-4.085368e-01	4.227398e-01	-6.056655e-02	2.929143e-01	7.663210e-03	2.930279e-01	1.763578e-02	8.147839e-01	5.451892e-02	-7.776857e-01	-4.550589e-02	-3.269802e-01	-5.669202e-01	-4.165059e-01	2.076467e-01	-2.098534e-01	4.968354e-01	-3.293844e-01	-7.885620e-01	-3.102619e-01	-1.808984e-01	-2.617902e-01	-1.035343e-01	-5.138164e-01	5.795874e-01	-7.003679e-01	-4.167423e-01	5.303402e-01	-6.364790e-01	-5.570468e-02	8.674857e-02	7.047293e-02	-6.864614e-01	-2.988964e-01	-5.987843e-01	-2.179906e-02	1.191651e-01	-7.110979e-03	-1.392622e-01	3.543724e-01	-3.813931e-01	-2.268067e-02	-6.470729e-01	2.620298e-01	-7.147233e-01	-3.202685e-01	-6.203660e-02	-6.854574e-01	-2.946902e-01	6.801503e-02	4.733359e-02	-4.026141e-01	-2.641957e-01	2.336853e-01	4.845103e-01	6.787560e-02	3.300479e-02	1.993411e-01	-2.212662e-01	1.007967e-01	2.172929e-01	6.855280e-02	-1.146294e-01	-3.871084e-03	1.959863e-01	-1.021563e-02	2.894352e-01	-3.855473e-01	-1.799720e-01	2.151436e-01	1.394296e-01	3.486160e-01	2.603408e-01	-2.000972e-01	3.626659e-01	6.906655e-02	4.692601e-01	-1.172413e-01	-6.208739e-01	2.219644e-01	-1.818969e-01	-4.798388e-01	4.387404e-01	-7.969908e-01	-3.729112e-03	-2.801895e-01	4.651343e-02	3.976118e-01	-6.807923e-02	-2.349550e-01	3.776653e-01	3.549931e-01	1.244292e-01	1.453263e-01	4.835538e-01	1.013411e+00	-2.217150e-01	4.148525e-01	2.621296e-02	7.733101e-01	-1.029350e-01	-1.052460e-01	-3.886411e-01	-4.415682e-01	-4.799290e-01	-1.801802e-01	-2.488932e-01	3.280083e-02	-2.583922e-01	-1.607117e-02	1.911015e-01	-1.600135e-02	-3.868816e-01	-3.131777e-01	-2.960277e-01	-8.618116e-02	3.572314e-01	1.298816e-01	2.121921e-02	-9.865382e-02	-1.913313e-01	2.631247e-01	7.427535e-02	-2.230012e-01	-3.553142e-03	1.914212e-01	-6.047851e-03	-2.229497e-01	2.113598e-02	3.806586e-02	-6.549035e-03	-3.250479e-01	1.315948e-01	4.509996e-01	2.300196e-01	2.226535e-01	-3.216494e-02	-1.649118e-02	-9.192461e-02	1.186144e+00	-2.976190e-02	-1.200246e-01	1.406199e-01	-7.760099e-02	1.773007e-01	-2.055345e-01	7.817467e-01	-2.805977e-01	-9.321650e-02	1.119105e-02	2.863859e-01	-2.849073e-01	-1.109205e-01	8.360111e-02	6.326618e-01	1.149665e-01	-4.552368e-02	-3.500250e-01	-8.540238e-02	2.098948e-01	-3.946383e-01	8.391143e-03	-3.950838e-01	4.094530e-01	1.113880e+00	6.515483e-01	1.373892e-01	-1.780902e-01	-5.493952e-02	2.331581e-01	4.926845e-02	5.150738e-02	-2.001673e-02	8.921773e-01	-1.065018e-01	-2.492995e-02	1.148586e-01	-1.391721e-03	7.591184e-02	-3.618400e-01	3.933980e-01	2.160832e-01	2.148288e-01	8.320578e-01	4.668410e-01	1.513761e-01	5.989979e-01	-4.396772e-01	3.345007e-01	2.254032e-01	-2.657074e-01	-8.775743e-01	-9.180827e-02	3.002920e-01	-5.700868e-01	3.000004e-01	-1.695725e-01	-7.266709e-01	-2.906344e-01	-5.943096e-02	2.440868e-01	-3.253013e-01	-2.094855e-02	5.128171e-02	-3.814559e-01	3.308687e-01	7.385955e-02	-2.781492e-01	-4.517046e-01	1.192536e-01	-3.791814e-01	-3.188043e-01	-5.759021e-01	1.379223e-01	1.952950e-03	1.380479e-01	7.055586e-01	-4.206627e-01	1.426392e-01	2.294762e-01	8.320381e-01	-1.600359e-01	2.840942e-01	3.177466e-01	-2.594960e-01	6.911279e-02	-3.929137e-01	2.241147e-01	2.507271e-01	-2.724231e-01	-4.889025e-01	-1.090217e-01	3.577345e-01	6.330033e-01	-4.691169e-01	-4.364623e-01	-4.960637e-01	-4.679850e-01	-2.003262e-01	-2.869022e-01	-2.442097e-02	-3.122025e-01	2.633225e-01	3.157909e-01	-1.699678e-01	1.201627e-01	-4.372750e-01	1.948856e-01	4.342399e-01	-4.896262e-01	3.662750e-02	1.794297e-01	6.918366e-02	1.708623e-01	1.181245e-01	-2.604271e-01	-1.137577e-01	3.656889e-01	-2.383340e-01	-4.738032e-01	-4.785381e-01	-3.571387e-01	2.451027e-02	1.660519e-01	-7.203056e-03	1.329958e-01	-4.058640e-01	2.528085e-01	2.482711e-01	4.348541e-01	4.537512e-02	-2.762439e-01	-2.549451e-01	-6.061323e-02	1.909246e-01	1.480586e-01	-1.233616e-01	-2.784387e-01	-6.529582e-01	-5.787684e-01	1.743803e-01	2.520918e-01	-1.878716e-01	2.866768e-01	1.595663e+00	-3.007307e-01	-2.795610e-02	-4.498932e-01	-5.179958e-01	-1.858985e-01	2.499761e-01	2.061690e-01	-3.850333e-01	-1.676715e-01	-2.028542e-01	-4.797102e-01	-2.666400e-01	1.687102e-01	-3.396979e-01	5.237669e-01	9.665415e-03	1.591351e-01	2.211788e-01	4.715930e-01	3.064096e-01	3.207292e-01	-2.424306e-01	2.793454e-01	8.344162e-02	-9.271879e-02	2.100257e-01	1.460938e-01	2.473103e-01	-2.876165e-01	1.296073e-01	-2.097318e-01	4.036684e-01	-2.314027e-01	-5.976434e-01	9.010009e-02	2.566642e-01	-4.590157e-01	4.570630e-01	-6.133996e-02	-4.002737e-01	3.447908e-01	2.305716e-01	6.599815e-01	-2.146611e-01	-8.649815e-02	-2.281401e-01	-3.609443e-01	5.370305e-01	-3.554806e-02	-2.193682e-01	9.481829e-02	-2.422976e-01	-4.014473e-01	-9.561529e-02	4.023628e-01	-1.104821e-01	6.282554e-01	-7.258267e-01	5.044612e-01	1.513971e-01	-5.351493e-01	-6.267441e-02	-1.962625e-02	-1.335634e-01	8.403164e-02	-1.749368e-01	5.671777e-01	7.227726e-02	1.841030e-01	3.826068e-01	6.227454e-02	1.630148e-01	4.264560e-01	4.738615e-02	-8.778553e-02	3.580980e-02	1.117290e-01	2.838213e-01	-7.853101e-01	-4.560580e-01	3.391252e-01	-3.928154e-01	5.414190e-01	5.139972e-01	-3.538920e-01	3.406507e-01	-2.878557e-01	-1.731186e-01	4.518013e-02	-3.411309e-01	-3.419440e-01	-2.229623e-02	-7.328473e-01	-5.036389e-02	-3.361447e-01	-8.301042e-02	-3.184988e-01	1.706626e-03	8.957797e-01	-4.344086e-01	3.239384e-01	4.483428e-01	7.146702e-02	1.484915e-01	-2.001042e-01	-8.146465e-01	2.854713e-01	-3.522311e-01	6.245995e-02	2.371968e-01	6.330581e-01	-4.632657e-01	2.040755e-02	1.578169e-01	3.725063e-01	3.958517e-01	2.180736e-01	-1.596453e-01	-9.297476e-01	4.876361e-01	-6.124835e-02	-5.763394e-01	4.029860e-01	7.409607e-01	-4.079859e-01	-2.985074e-01	-1.225102e-01	4.172884e-01	-7.143203e-02	4.871206e-01	1.073805e-01	2.517913e+00	-9.989670e-02	-3.019703e-01	-2.760092e-01	3.499767e-02	4.642695e-01	2.906493e-01	-3.429855e-02	-8.000773e-01	1.723739e-01	-1.122382e-01	-2.307262e-01	4.457362e-01	-5.585583e-01	-4.009954e-01	-2.812432e-02	-1.289118e-01	2.534880e-01	1.902109e-02	2.389434e-01	-2.169996e-01	-4.055451e-01	-5.503871e-01	-8.587236e-02	3.081400e-01	-3.190018e-01	3.117830e-01	1.062594e-01	-7.566241e-01	-5.110326e-01	-3.385840e-01	-1.659038e-01	-7.619409e-01	-3.871314e-01	5.738822e-02	4.667537e-01	-1.517724e-01	1.740430e-01	-2.318341e-01	-3.859887e-01	-6.870307e-02	-1.278283e-01	3.649025e-02	1.913492e-01	2.025816e-02	-3.467821e-01	-4.457287e-01	-3.174787e-02	-1.000375e-01	-1.847286e-01	-1.594928e-01	2.632832e-01	-2.860920e-01	3.266549e-01	-4.967736e-01	-2.017021e-01	-2.126303e-01	2.679622e-01	6.838210e-01	-4.300069e-01	-5.458082e-02	-2.754374e-01	-1.996976e-01	-1.716792e-01	-6.673727e-01	1.202912e-01	-3.257219e-02	4.954295e-01	2.499666e-01	-4.942648e-01	2.134694e-01	-1.681980e-01	2.418112e-01	-2.042994e-01	-6.088726e-01	-2.104015e-01	-4.695586e-03	-4.040619e-01	4.995723e-01	3.974620e-01	2.100191e-01	3.497928e-01	-1.856156e-01	-4.715903e-01	2.950130e-01	-7.112991e-02	-2.010593e-01	2.930339e-02	-8.491094e-02	1.053581e+00	-3.844552e-03	2.250533e-01	-1.635119e-01	-3.085821e-01	-1.956777e-02	1.550508e-02	-7.730103e-02	-8.474471e-02	-2.115694e-01	-7.514619e-01	-3.769411e-01	1.793734e-01	1.642948e-01	2.054667e-01	-2.719434e-01	4.287471e-01	-2.446252e-01	-3.466352e-02	-1.017978e-01	7.730490e-02	-3.414997e-01	5.405186e-01	-1.797552e-01	-1.340249e-01	-5.714173e-01	-1.352517e-01	-3.557360e-03	2.611152e-01	3.326898e-01	6.556919e-02	-5.343559e-01	6.716680e-02	1.184357e-01	2.209485e-01	1.276034e-01	2.838260e-01	-2.958339e-01	-6.878716e-02	1.643322e-01	4.532919e-01	1.679117e-01	8.888911e-02	3.962208e-02	2.747393e-01	-7.219295e-02	5.692318e-02	8.416098e-02	-2.602925e-01	-3.923463e-01	-5.097719e-03	4.055812e-02	-1.916079e-01	-9.536060e-02	-3.774221e-01	2.168326e-02	3.121039e-01	-7.275613e-02	-4.341647e-02	6.022582e-02	3.082214e-01	-2.232546e-01	-4.309471e-01	6.113259e-02	-5.173233e-01	1.136130e-01	2.617646e-01	3.580139e-01	-7.690453e-02	-1.094409e-01	3.931838e-01	-2.532798e-01	-1.297322e-01	-3.505745e-01	-1.659515e-01	1.651307e-02	-8.669258e-01	2.637718e-01	7.869496e-02	-3.200771e-01	1.077008e-01	8.651017e-02	1.233296e-01	2.394024e-01	-2.471733e-01	-2.039607e-01	2.198075e-01	1.768623e-01	-1.740145e-01	-5.500422e-01	1.189397e-01	1.700516e-01	-2.420309e-01	2.565661e-01	3.788178e-02	-5.463840e-01	-3.984412e-01	-4.871699e-01	-1.575261e-01	5.071272e-01	4.221514e-01	-1.641516e-01	4.557964e-01	8.165040e-03	-1.441545e-01	-3.921607e-03	-6.336537e-01	8.655614e-02	-1.655771e-02	4.497580e-01	2.009166e+00	7.698736e-02	4.268705e-02	-2.161924e-01	-2.470256e-01	-2.434049e-01	-2.564976e-01	-4.526002e-01	4.596706e-03	1.397682e-01	5.186886e-02	-1.633486e-01	6.968188e-01	3.052029e-01	2.008316e-01	-8.199123e-02	1.228089e-01	-1.183475e-01	-3.535800e-01	3.588653e-02	-8.133940e-02	1.003343e-01	1.355500e-01	-3.166985e-01	1.038479e-01	5.670591e-01	-9.058972e-02	3.254776e-01	-1.179243e-02	1.579015e-01	-3.247980e-01	5.878611e-01	-8.867331e-01	-6.129822e+00	-5.480577e-02	-7.478334e-01	-9.872431e-02	1.044118e-01	2.617911e-01	-1.376177e-01	-2.604456e-01	3.953826e-01	6.159497e-02	7.280372e-01	-3.779606e-01	2.712523e-01	-2.112631e-01	-2.703470e-01	1.628516e-01	1.561546e-01	1.520651e+00	-6.055954e-01	-6.203966e-02	2.501503e-01	-2.987449e-01	-4.054082e-01	-3.498966e-01	-2.767897e-01	-8.884025e-01	-2.191752e-01	-7.114840e-01	-5.784387e-02	-2.980664e-01	-5.194107e-01	1.363535e-02	-1.584210e+01	5.142406e-01	1.019890e-01	-9.932994e-02	3.860331e-01	-5.346058e-01	1.187742e-01	-3.252759e-01	1.551117e-01	1.700420e-01	-2.543960e-01	-1.407521e-01	-5.339298e-01	-2.499220e-01	2.643175e-01	2.457253e-02	-3.551336e-01	-4.045188e-01	-3.318535e-02	1.744197e-01	6.553003e-02	-4.688604e-01	1.317601e-01	-5.047013e-01	4.537062e-01	-7.296254e-02	2.513222e-01	-1.264927e-01	2.258119e-01	3.379328e-01	-1.093736e-01	-2.779076e-01	-7.763058e-02	-3.005421e-01	-6.434450e-03	4.784209e-01	-2.069189e-01	3.537391e-01	-3.068618e-01	2.914262e-02	-1.819196e-01	6.631517e-02	3.214850e-01	6.497943e-02	2.428270e-01	5.931026e-01	1.774708e-01	3.446026e-02	7.752527e-02	-1.028691e+00	-2.281701e-01	-2.161244e-02	7.853574e-01	3.695097e-01	1.689433e-01	-8.410368e-03	-3.717159e-01	1.954797e-01	-4.915900e-02	5.524705e-02	3.156631e-01	-1.072882e-01	4.419041e-01	5.557598e-02	-2.039506e-01	-5.436826e-02	6.766084e-02	-3.050504e-01	-2.610331e-01	2.119791e-01	-3.301437e-01	-4.966013e-01	-4.133123e-01	3.766871e-01	4.934111e-01	1.057448e-02	-2.427260e-01	3.050042e-02	-4.005657e-01	-2.570204e-01	-6.754362e-02	1.293277e-01	8.569740e-02	-6.221225e-01	-1.409091e-01	-2.604306e-01	-1.345271e+00	5.901985e-01	-5.426506e-01	1.956448e-01	4.522643e-02	3.095725e-02	3.907204e-02	2.541260e-01	1.564255e-02	5.119079e-01	8.603279e-02	-6.706525e-01	-4.009705e-02	-2.395284e-01	-1.611359e-01	-1.718803e-01	2.511854e-01	-8.517367e-02	5.761209e-01	-2.940292e-01	-4.791588e-01	-3.704962e-01	-2.435721e-02	6.562260e-03	1.629296e-01	-3.565107e-01	4.471466e-01	-4.823630e-01	-1.447520e-01	2.268253e-01	-5.366907e-01	1.630424e-02	1.814185e-01	2.820962e-01	-7.456449e-01	-6.478903e-01	-4.211724e-01	-5.521635e-02	-1.206879e-01	-1.550306e-02	-1.081122e-01	3.073304e-01	-3.870138e-01	1.305746e-02	-6.717319e-01	2.606831e-02	-5.592315e-01	-2.941408e-01	3.624934e-02	-7.997073e-01	5.686120e-02	3.644376e-02	1.178376e-01	-4.668320e-01	-3.937661e-01	1.409986e-01	6.015970e-01	6.522316e-02	-1.443384e-01	1.094656e-01	-2.346911e-01	1.908118e-01	3.168381e-01	1.124937e-01	-1.620299e-01	-2.919324e-01	1.996845e-01	2.923377e-01	1.541582e-01	-5.171949e-01	-9.285647e-02	2.149259e-01	-2.130542e-02	2.721833e-01	7.963762e-02	-2.059187e-01	4.225972e-01	-8.012339e-02	4.084406e-01	1.651143e-02	-5.159106e-01	1.992824e-01	-2.544857e-01	-4.388471e-01	4.571424e-01	-6.297138e-01	1.660263e-01	-3.583068e-01	-9.333530e-02	1.133200e-01	-1.070363e-01	-1.836697e-01	1.187626e-01	4.057108e-01	-5.460640e-03	1.677364e-02	3.663396e-01	8.953248e-01	-1.098579e-01	3.522741e-01	-2.995988e-02	8.306576e-01	-2.663766e-01	4.019256e-02	-4.110877e-02	-4.396478e-01	-3.986239e-01	-9.389734e-02	-4.962591e-01	-1.053654e-02	1.400962e-01	1.072348e-01	4.323952e-02	9.296095e-02	-3.348618e-01	-2.207770e-01	-9.277315e-02	-1.660206e-01	4.450467e-01	1.769358e-01	3.422743e-02	2.236532e-02	-1.077656e-01	1.904063e-01	2.246436e-03	-1.289133e-02	9.654559e-03	9.641455e-03	3.519512e-02	-1.857119e-01	-1.580154e-01	1.502858e-02	1.611418e-01	9.226605e-03	2.719617e-01	1.695203e-01	-4.500464e-02	3.219691e-01	-1.585044e-01	3.008156e-01	-1.109281e-01	8.579622e-01	-1.044320e-01	-9.794350e-02	9.938269e-02	5.693272e-02	2.332129e-01	-1.981484e-01	6.212409e-01	-3.575500e-01	-9.109526e-02	3.539731e-02	3.681081e-01	-2.990358e-01	-8.241840e-02	1.712446e-01	5.226415e-01	8.870713e-02	1.225131e-01	-2.536956e-01	-7.398981e-02	1.790578e-01	-4.600554e-01	2.350872e-01	-3.729711e-01	2.540730e-01	1.037275e+00	8.108363e-01	9.739607e-02	-3.214839e-01	1.833337e-01	2.753767e-01	-1.858696e-01	4.283004e-03	-1.038890e-01	7.550558e-01	-2.309823e-01	-1.506011e-01	1.856844e-02	-5.592155e-02	2.339781e-01	-4.733268e-01	5.217687e-01	1.978930e-01	1.470502e-01	6.373477e-01	2.677596e-01	-3.839035e-02	5.859705e-01	-4.156300e-01	4.652871e-01	6.575336e-02	-4.142157e-01	-8.126669e-01	-5.346020e-02	1.957292e-01	-2.052403e-03	1.880216e-01	-1.524533e-01	-3.631688e-01	4.394037e-02	2.149166e-01	3.191932e-01	-1.895502e-01	2.357328e-01	-1.328335e-01	-3.913029e-01	2.232254e-01	1.797986e-01	-2.632990e-01	-1.704558e-01	1.128877e-01	-1.487709e-01	-2.649475e-01	-9.941783e-01	1.799816e-01	4.389902e-01	3.563569e-01	5.948653e-01	-2.230064e-01	2.595882e-01	-1.871106e-02	7.567766e-01	-3.265405e-01	2.784514e-01	1.770716e-01	-4.202519e-01	-5.805109e-02	-5.775934e-01	5.873150e-02	4.605022e-01	-6.358570e-02	-4.307226e-01	-3.008119e-01	2.650599e-01	4.736532e-01	-1.968442e-01	-2.636462e-01	-3.917442e-01	-4.930793e-01	-1.974733e-01	-2.113368e-01	-1.259467e-01	-2.605533e-01	8.871692e-02	3.320538e-01	-1.442481e-01	1.548757e-01	-5.377187e-01	-1.400625e-02	2.803230e-01	-6.577262e-02	6.972577e-02	1.486867e-01	3.495395e-01	4.183574e-02	3.857365e-02	1.316459e-01	-1.647874e-01	2.127144e-01	-9.392814e-02	-3.077445e-01	-4.881057e-01	-6.207782e-01	-1.523480e-01	-3.342048e-02	-2.108154e-01	8.859324e-03	-3.115908e-01	9.466220e-02	2.416772e-01	4.658022e-01	-8.362919e-02	4.226227e-02	-1.935401e-01	-1.130333e-01	-9.764089e-02	4.892109e-02	8.237880e-02	-4.880624e-02	-4.029262e-01	-3.240646e-01	2.121313e-01	4.324805e-01	-1.151159e-01	4.195312e-02	1.577471e+00	-2.716084e-01	1.335137e-01	-2.181099e-01	-2.021812e-01	-1.925440e-01	1.412920e-01	4.289906e-02	-3.741602e-01	-2.120614e-02	-1.353177e-01	-3.069569e-01	-1.609932e-01	9.125188e-02	-1.979762e-01	3.639340e-01	-6.304090e-02	3.629250e-02	1.635363e-01	3.957738e-01	4.274424e-01	5.100986e-02	-2.213796e-01	1.960661e-01	8.738197e-02	-1.102027e-01	1.370759e-01	4.330141e-02	2.255749e-01	-1.913707e-01	1.759809e-01	-2.555810e-01	2.087923e-01	-1.382615e-01	-5.442213e-01	1.987330e-01	4.167552e-01	-2.854336e-01	-1.964216e-03	-8.182954e-02	-5.833187e-01	2.586550e-01	1.992290e-01	4.186392e-01	8.206275e-02	-3.734566e-02	-1.838951e-01	-3.019097e-01	3.327025e-01	-1.313893e-01	-3.674324e-01	5.548647e-02	-2.917570e-01	-7.686973e-01	-1.835993e-01	6.342912e-01	-1.233879e-02	4.422361e-01	-5.686997e-01	5.013757e-01	-2.051297e-01	-4.696046e-01	1.498300e-01	-1.102293e-02	6.473822e-03	9.666421e-02	-3.613754e-01	5.457550e-01	3.676073e-02	-1.286050e-01	1.617192e-01	2.812309e-01	2.991215e-01	5.403298e-01	1.880684e-01	-3.679633e-01	7.095503e-02	-2.547353e-02	6.373376e-02	-5.652521e-01	-3.582090e-01	3.721283e-01	-3.707291e-01	5.745143e-01	3.116351e-01	-2.173564e-01	3.940763e-01	-3.171352e-01	-1.412038e-01	4.348628e-03	-3.025748e-01	-1.703132e-01	-1.039969e-01	-5.991579e-01	1.270710e-01	-9.805308e-02	-5.371477e-02	-1.292420e-01	-2.587200e-02	8.107265e-01	-5.200676e-01	1.943210e-01	6.193132e-01	-8.473733e-02	7.751273e-02	-2.185758e-01	-2.065263e-01	2.961849e-01	-5.093291e-02	1.293646e-01	2.601825e-01	5.286584e-01	-3.697443e-01	-2.981800e-02	5.958245e-02	2.337047e-01	3.126500e-01	1.862086e-01	-2.422855e-01	-7.017218e-01	2.227683e-01	-1.610141e-01	-5.199161e-01	4.421921e-01	8.065085e-01	-1.922588e-01	-2.313468e-01	-1.841552e-01	2.851260e-01	-4.026546e-02	4.181071e-01	8.440752e-02	2.563702e+00	1.159533e-01	-6.988891e-02	-3.791600e-01	8.221585e-02	4.894803e-01	2.496406e-01	-3.220262e-02	-6.041943e-01	1.793008e-01	-1.464050e-01	-4.478567e-01	3.976240e-01	-2.975209e-01	-5.408753e-01	-3.796238e-01	-1.573114e-01	3.534476e-01	2.206406e-01	6.019930e-01	-1.015712e-01	-2.145379e-01	-5.741217e-01	4.669971e-02	3.209781e-01	-2.522908e-01	4.481665e-01	1.964864e-01	-7.664931e-01	-3.470249e-01	-2.356718e-01	1.492766e-01	-6.291159e-01	-3.960251e-01	2.532380e-01	3.691051e-01	3.125805e-02	
-9.384248e-02	-2.146929e-01	2.236389e-01	-4.169521e-02	4.994641e-01	-9.625776e-03	-3.111047e-01	1.402862e-01	-1.550750e-01	1.730591e-01	-1.711106e-01	3.838048e-01	1.859257e-01	4.955826e-03	2.111011e-01	-4.986209e-01	7.502038e-01	-4.005979e-01	-1.003597e-01	-3.245592e-02	-6.646483e-02	-3.042720e-02	3.208340e-01	6.165534e-03	-2.826560e-01	9.445164e-01	-3.215187e-01	-2.154653e-01	-3.326005e-01	-4.279261e-01	6.804363e-02	4.741607e-01	-4.243883e-01	3.793338e-01	-7.029602e-02	3.059901e-01	-3.506135e-01	7.427206e-04	4.750287e-01	-2.641521e-01	-5.251082e-01	3.553688e-01	-1.129665e-01	9.910772e-02	2.524309e-01	-5.450635e-01	2.140450e-01	-4.626815e-02	-7.727200e-02	7.485838e-01	-1.790384e-01	-1.881169e-01	4.441847e-02	3.941659e-01	5.698449e-02	4.423291e-01	2.695962e-01	-1.028420e-01	-8.487116e-03	-1.095632e-01	6.675145e-02	6.811596e-02	-3.949778e-01	-2.825904e-02	6.554984e-02	1.567704e-01	-9.551872e-02	9.511769e-02	3.468858e-01	6.148354e-01	-3.275727e-01	2.015953e-01	6.589396e-01	-5.250217e-02	-8.954568e-02	9.970358e-01	3.422163e-03	-1.973357e-01	-1.059403e+00	-5.738249e-01	4.318428e-01	4.080231e-01	-2.551871e-02	2.399205e-01	-9.023128e-02	4.546584e-01	3.012362e-01	2.130856e-01	6.953375e-01	-5.813771e-01	-4.599139e-02	1.958190e-02	1.174493e+00	1.300107e-01	-3.659600e-01	7.390278e-01	2.401994e-01	4.430958e-01	7.446510e-02	1.670831e-01	-5.150563e-01	-2.453384e-01	5.036229e-01	-3.832088e-02	4.725179e-01	-2.608460e-01	1.476288e-01	2.718872e-02	5.454674e-02	4.559919e-01	2.895689e-01	9.341724e-02	2.029711e-01	-1.775505e-01	3.062221e-01	-5.006725e-01	-2.541432e-01	2.995581e-01	6.649527e-01	-3.218878e-01	1.459609e-01	4.355124e-02	-2.995626e-01	3.912958e-01	4.390307e-01	-3.800216e-01	-5.477436e-02	1.128412e-01	-1.075115e-01	-3.465817e-02	-1.806432e-01	-1.634101e-01	3.424771e-01	1.901940e-01	4.664867e-01	-2.834584e-01	3.885456e-01	-3.416891e-01	-9.220862e-02	8.618211e-01	-6.901895e-02	1.347443e-01	-5.198030e-01	-1.508556e-01	-1.909031e-01	1.216335e-01	-3.788282e-01	5.824647e-01	-4.654615e-01	-2.776942e-01	-2.317562e-01	4.442134e-01	5.784454e-01	-6.230598e-02	-3.952679e-01	2.511542e-01	4.772606e-01	1.436203e-01	-2.780670e-01	3.988177e-01	-8.579734e-02	3.588878e-01	-6.253035e-01	5.338972e-01	-4.161362e-02	-3.076853e-01	7.153978e-02	-3.433343e-01	-2.577730e-01	1.307877e-01	-6.258854e-02	9.567737e-02	-2.989759e-01	1.162643e-01	5.283266e-01	5.616816e-01	8.651980e-02	2.457683e-01	-1.307728e-01	-7.302276e-01	-6.713594e-01	2.914062e-01	-1.994506e-01	2.337124e-02	3.244670e-02	1.769520e-01	4.589062e-02	-8.285960e-02	-6.013341e-02	2.482937e-01	-5.239947e-01	-1.707933e-01	-4.879272e-01	3.949262e-01	-1.455805e-01	7.239580e-01	-4.394929e-01	1.809792e-01	-1.675413e-01	3.077812e-01	-6.495080e-01	-1.339997e-01	2.244541e-01	3.635111e-01	-2.412494e-01	6.418590e-01	8.095209e-03	4.620310e-02	-8.610820e-02	6.061143e-01	-3.993702e-01	-8.747977e-02	5.097091e-01	1.294363e-02	4.889063e-01	1.060249e-01	2.531572e-02	-1.638097e-01	2.410590e-02	1.147001e-01	-3.180685e-03	-8.726893e-02	-1.008085e-01	-3.292509e-01	-9.011697e-02	-2.543345e-01	6.693669e-02	2.962660e-01	-2.546004e-02	-3.257740e-02	-8.506611e-01	-1.647618e-01	-7.484786e-02	2.248114e-01	-1.195376e-01	3.798291e-01	3.618993e-01	-1.934775e-01	-4.878220e-01	7.788137e-02	-3.004269e-01	1.024559e-01	-7.228420e-02	2.371490e-01	3.368964e-01	1.063855e-01	-1.328140e-01	-4.097657e-01	1.205833e-01	-1.182986e-01	-4.498833e-01	1.818153e-01	-1.295589e-01	-1.654182e-01	-3.897274e-01	1.015430e-02	8.670385e-02	-1.736703e-01	-9.382735e-03	-2.476306e-01	1.195013e-01	-7.267911e-01	-2.721694e-01	3.458391e-01	4.290667e-01	3.343123e-01	1.319901e-01	2.011782e-01	-3.215556e-01	4.373752e-01	-4.944391e-01	3.581901e-01	5.230367e-01	1.383739e-01	-6.577425e-02	1.661563e-01	3.140536e-02	-1.908228e-01	-4.121034e-01	1.908757e-01	-9.236255e-02	-3.479363e-01	-2.181882e-01	9.255629e-02	-5.163550e-01	-1.534848e-01	2.091438e-01	-2.556215e-01	4.104409e-01	-1.337878e-01	-5.361364e-01	-5.921274e-01	2.366250e-01	4.266554e-01	3.137488e-02	-3.480693e-01	-6.340544e-01	-1.742780e-01	-4.945671e-02	-9.788527e-02	3.346148e-01	5.951943e-01	-1.587709e-01	6.331676e-02	-2.229785e-01	2.352576e-01	-5.207369e-01	-3.472338e-01	1.019981e+00	9.504259e-02	-6.777061e-01	1.726136e-01	-3.863151e-01	2.770853e-01	2.272951e-01	1.090158e-01	2.428814e-01	-1.390277e-01	-4.540042e-02	8.679669e-02	1.559949e-03	1.696736e-01	4.609727e-01	1.264329e-01	-4.878810e-01	-5.840754e-02	1.145930e-01	-5.995746e-01	9.215992e-02	1.958980e-01	-2.683116e-01	1.596481e+00	-3.839063e-02	-5.777284e-01	-4.186127e-02	-3.346805e-02	2.851810e-02	1.155574e-01	-4.618751e-01	-2.707302e-01	-2.103899e-01	-2.910960e-01	9.536262e-01	-4.178278e-01	2.357665e-01	2.038287e-03	-2.142625e-01	9.139749e-01	-2.062786e-01	-8.237103e-01	4.699025e-02	2.081482e-01	2.344853e-01	1.305471e-01	-2.235017e-01	3.211724e-01	-8.735777e-01	3.552401e-02	3.316664e-01	-3.682514e-01	-2.527991e-02	1.052317e-01	1.603619e-01	-3.323529e-02	-8.026487e-01	1.184733e-01	1.072508e-01	2.456065e-02	3.651423e-01	1.033084e+00	3.240553e-01	8.479149e-01	-1.025158e-01	-4.973950e-01	3.068697e-01	-1.043233e-01	-7.336094e-02	-6.153374e-01	1.006512e+00	-2.647498e-01	-1.411670e-01	-1.970204e-01	-3.335808e-01	-3.579302e-01	2.358271e-01	1.821191e-01	3.480109e-01	-1.677623e-01	4.375962e-01	1.764834e-01	-7.025808e-02	2.598233e-01	1.709213e-02	9.470486e-03	-6.504864e-02	2.708134e-01	2.350105e-01	1.939152e-01	-9.111320e-01	-1.683197e-02	7.929372e-02	2.306173e-01	1.458107e-01	3.335306e-01	-4.902626e-01	4.524040e-01	5.982780e-01	7.388621e-02	1.373112e-01	9.010363e-02	1.772799e-01	4.125387e-01	3.686403e-01	2.181228e-01	5.195240e-01	6.069414e-01	-1.183179e+00	8.537256e-02	5.598299e-02	3.932136e-01	3.602979e-01	-1.719020e-02	1.359232e-01	-1.666702e+00	-2.094277e-01	2.495585e-01	-8.589339e-02	-1.838991e-01	-4.367334e-01	-2.479165e-01	-4.634017e-01	-1.888673e-01	-8.156878e-02	-5.775329e-02	-1.623274e-01	-3.986837e-02	2.581162e-01	-2.829036e-01	-4.487078e-01	-3.104966e-01	2.124279e-01	-1.978991e-01	6.284612e-02	2.059850e-01	-2.757202e-01	1.235843e-01	-5.325140e-01	-5.419757e-05	5.186059e-02	8.146306e-01	-4.024951e-02	-3.420854e-01	5.765994e-02	-3.761426e-01	-1.619583e-01	-6.453321e-02	-5.646526e-01	-9.349686e-02	-9.110373e-02	-5.367951e-01	-3.563894e-01	1.914925e-01	3.218302e-01	-3.292926e-02	-4.957549e-02	-6.103407e-01	-1.428452e-01	-1.950609e-01	2.383866e-01	3.605706e-01	-2.976982e-01	2.315670e-01	-1.211039e-01	-2.742706e-02	1.716801e-01	-2.197511e-01	-2.397043e-03	-4.021245e-01	3.447559e-01	-1.089115e-01	-1.944240e-01	-5.137539e-02	1.007603e+00	-4.428261e-02	-1.340573e-02	1.106597e-01	4.079920e-01	1.879596e-01	4.022897e-01	2.597141e-01	5.093834e-01	1.540206e-01	-1.826950e-01	-1.075544e+00	1.195069e-01	9.880760e-02	-3.018316e-01	-7.680307e-02	1.919760e-01	5.545009e-01	1.746142e-01	3.033013e-01	-2.704151e-02	-1.108231e-01	-2.675317e-02	-1.490304e-01	-1.819093e-01	-2.323133e-02	-3.488146e-01	-2.639092e-01	-1.228906e-01	-8.799835e-01	-3.619446e-01	-7.271382e-03	4.041522e-02	3.556342e-01	2.136816e-01	-5.312134e-01	5.207006e-04	1.063091e-01	-2.053807e-01	-3.775937e-02	1.648473e-01	-3.422409e-01	3.257594e-01	-9.025280e-01	-7.708701e-02	-1.335772e-01	4.684863e-02	-2.010573e-01	-2.789589e-01	2.587841e-01	-2.557634e-01	4.535128e-01	1.575381e-01	8.407888e-01	-6.653979e-02	3.665434e-01	1.060404e-01	2.159945e-01	8.146778e-02	-1.332772e-01	-3.643325e-02	5.368798e-01	-3.600971e-02	4.288546e-02	-1.170169e-01	3.918394e-01	1.166896e-01	-4.726159e-01	-1.328008e-02	-1.425901e-01	2.185455e-01	-5.971148e-02	-1.927432e-01	3.519258e-01	1.899406e-02	-4.466684e-01	5.804289e-01	-2.102045e-02	-2.937979e-01	-1.420313e-01	3.688010e-02	-1.443044e-01	1.123167e-01	1.753079e-01	-4.154978e-01	3.591205e-02	5.745338e-02	4.962812e-01	-6.310860e-02	4.997588e-01	-1.415476e-01	4.194218e-01	4.808140e-02	2.739410e-01	-1.136529e-01	-5.623558e-02	-5.289795e-02	-5.344687e-02	-3.764610e-01	-3.787560e-01	-1.546045e-02	-4.066142e-02	1.507042e-01	-2.685987e-01	-1.268589e-01	1.992519e-01	-1.950466e-02	-2.661104e-01	4.387626e-01	1.272425e-01	-1.004169e+00	-1.419225e-01	2.347427e-01	-3.172570e-01	2.690629e-01	-2.887257e-01	3.981453e-01	1.634468e-01	4.078210e-01	-2.316971e-01	-1.585846e-01	-5.039739e-01	-8.697827e-01	1.380693e-01	8.265395e-02	-2.394023e-01	-4.095086e-01	-4.410247e-01	5.427249e-04	-2.632531e-01	-3.438087e-01	-3.040740e-01	2.723862e-02	-4.602672e-01	-2.436508e-01	5.067804e-01	7.117742e-03	3.070983e-01	3.793148e-01	-3.170952e-01	8.164285e-01	1.735167e-01	2.401381e-01	1.369646e-01	4.055169e-01	1.486206e-01	-7.067995e-02	-1.483125e-01	-1.978893e-02	6.882507e-02	-1.258851e-01	-1.340632e-01	8.320224e-02	3.744026e-01	-1.449839e-01	2.669347e-01	-2.712743e-01	1.766245e-01	5.069357e-02	3.732764e-01	4.018983e-01	-3.650940e-01	-1.831566e-01	2.377153e-01	-2.721612e-01	5.515830e-01	-1.357319e-01	-1.738622e-01	6.297558e-01	-2.311152e-01	1.140059e-01	-3.752614e-01	4.944489e-02	2.673932e-01	1.992715e-01	1.226698e-01	-7.027969e-01	2.712599e-01	2.286775e-01	6.777681e-01	7.270522e-02	-6.856489e-01	-5.632225e-01	1.377288e-01	-4.657184e-01	-1.088385e-01	3.852661e-01	-3.592992e-03	-9.721260e-02	3.449961e-01	-1.092416e-01	2.012737e-01	1.400262e-01	2.261869e-01	1.125049e-01	1.829721e-01	-3.246282e-01	-2.612451e-02	-2.181359e-01	5.549587e-02	3.596482e-03	-3.124599e-02	-2.335101e-01	3.958036e-02	-3.146171e-02	-3.241634e-01	-2.362284e-01	-1.845030e-03	-2.362786e-02	9.022135e-02	-1.330865e-01	-1.767280e-01	-4.828162e-01	-1.857730e-01	-1.216062e-03	8.911291e-03	3.294629e-01	9.130534e-02	2.512048e-01	-5.052710e-01	1.132601e-01	-4.350271e-01	-7.219544e-01	-3.204220e-01	-1.838239e-01	-3.691664e-01	-8.909608e-02	5.162047e-01	4.861023e-01	-2.606241e-01	1.007376e-01	-3.237263e-01	-3.722219e-02	-1.205419e-01	1.403820e-01	-4.549565e-01	-2.702333e-01	2.320222e-01	1.016362e-01	-1.157189e-01	-6.521980e-01	8.082622e-02	-1.674585e-01	-9.603680e-02	-8.104277e-02	3.046010e-01	-1.233403e-01	-2.389781e-01	5.943698e-02	-1.446075e+00	-2.046795e-01	-4.265068e-02	1.013279e-01	3.918089e-02	1.993133e-01	5.449900e-01	-2.340591e-01	-7.881518e-03	3.169148e-02	-6.007416e-01	-2.321968e-01	7.357111e-02	-1.757125e-01	3.156044e-01	7.563913e-01	2.623672e-02	4.236510e-01	-3.599170e-01	-3.819211e-01	9.809509e-02	-3.306129e-01	1.334482e-01	-1.135289e-01	9.851766e-02	-8.108639e-01	4.759952e-01	2.529103e-01	2.485000e-01	-5.001211e-01	-1.006265e+00	8.964417e-02	-6.401203e-01	-6.318041e-02	-2.572334e-01	-8.035574e-02	-1.100170e-01	-2.833155e-01	-1.252825e-01	-1.114139e-01	-6.128194e-02	2.126793e-01	-1.422347e-01	-3.843612e-01	1.300970e-01	-3.587872e-01	-1.196637e-01	1.375884e-01	8.235919e-02	1.398360e-01	-2.220026e-01	1.148244e-01	-4.551082e-01	1.496223e-01	4.827657e-03	2.441020e-01	-5.154659e-01	2.578350e-01	6.325878e-01	-3.934667e-01	-4.437911e-02	-4.737117e-01	4.224062e-01	-3.342541e-01	-7.396919e-01	-5.191130e-01	1.296375e-01	2.560766e-01	7.002278e-01	-5.376059e-01	2.518122e-03	-2.395786e-01	3.067725e-01	-2.271695e-01	-3.856615e-01	1.466483e-01	-2.251301e-02	-8.710201e-01	4.015826e-01	-3.054297e-01	3.822714e-01	4.709366e-01	-6.049459e-01	-1.928490e-01	6.847404e-02	-2.165887e-02	4.111513e-01	-2.832250e-02	-1.731653e-02	5.176814e-01	6.844171e-01	4.382801e-02	3.302642e-01	1.534598e-01	-5.531156e-01	-3.425746e-01	-2.149144e-01	-1.366107e-01	8.645249e-02	-1.341151e+00	-1.028084e-01	5.187903e-01	3.476331e-01	2.704964e-01	-2.720082e-01	2.457830e-01	-3.350104e-01	-5.304688e-01	3.678030e-01	4.221566e-01	-4.845345e-01	1.962121e-01	2.831879e-01	-4.872506e-01	-3.384548e-01	-2.641857e-01	-3.057610e-01	8.658539e-02	2.479014e-01	-2.151666e-01	-1.434695e-01	-2.388606e-02	4.872847e-01	-1.472985e-02	1.169711e-01	2.249675e-01	-4.205108e-01	1.583811e-01	1.491928e-01	8.206242e-01	-1.450989e-01	-3.469470e-01	1.249322e-01	2.914297e-01	5.297410e-01	-3.319601e-02	1.778536e-01	-3.926297e-01	-8.461528e-01	-2.128494e-01	-2.969523e-01	-1.085745e-01	-7.390944e-02	1.474604e-01	-1.813675e-01	1.573778e-01	5.038689e-02	1.006618e-01	3.698175e-01	4.187861e-01	-3.650972e-01	-6.671621e-02	-4.628276e-01	-4.337866e-01	-1.352161e-01	2.105523e-01	-7.541721e-01	2.860029e-01	-2.118860e-01	1.245174e-01	1.550771e-01	3.751974e-01	-3.967398e-01	-4.490913e-02	2.166225e-01	-9.763160e-01	-4.860289e-02	1.466800e-01	-3.346157e-01	5.767485e-01	3.005352e-01	-1.432496e-01	-4.452487e-01	1.835712e-01	-4.110009e-01	2.118505e-02	3.901620e-01	-5.190950e-01	-1.819624e-03	-2.536293e-01	1.999975e-01	-1.480867e-01	-3.027882e-02	-6.239259e-01	-4.557560e-02	-6.674924e-01	-5.085849e-01	-6.123698e-01	2.638683e-01	3.588270e-01	-1.362785e-01	5.230014e-01	-1.625030e-01	5.635091e-02	1.265749e-02	-3.959958e-01	1.636717e-01	-2.040162e-01	3.672449e-01	1.908653e+00	-2.763262e-01	2.946821e-01	-3.392105e-01	-1.870573e-01	-3.682174e-01	-5.084468e-01	-1.299652e-01	-9.145422e-02	1.916695e-01	9.760530e-02	-3.278224e-01	5.479956e-01	6.539853e-01	-2.971649e-02	-5.355097e-02	-3.518034e-02	-5.068814e-01	-3.073639e-02	-3.244871e-01	-6.774733e-02	-1.085485e-01	1.634665e-02	3.862108e-01	1.238388e-01	2.623460e-01	-1.205694e-01	9.926484e-01	-9.212372e-01	-3.317674e-01	-5.921949e-01	6.928095e-01	-6.156033e-01	5.062698e-01	-3.505635e-01	-3.603171e-01	-5.045908e-01	3.583558e-01	-1.375870e-01	-1.417625e-01	1.340642e-01	2.392237e-01	-2.069554e-01	6.772413e-01	-1.233156e-01	3.922282e-01	-1.708134e-01	-2.638636e-01	-4.833768e-01	-1.413663e-02	1.613629e+00	-3.761680e-01	1.793683e-01	1.291469e-01	-1.640397e-01	-3.436387e-01	-5.178595e-01	-2.549101e-01	-5.293105e-01	1.567821e-01	-3.110959e-01	-1.148372e-01	1.311486e-01	-5.914216e-01	3.596253e-01	-2.962542e+01	1.979755e-01	4.470704e-01	-7.862020e-01	2.334749e-01	1.369771e-02	-1.099152e-02	-1.010796e+00	6.825492e-01	3.544127e-01	-3.158787e-01	-3.285901e-01	1.122814e-01	-8.536569e-03	1.665966e-01	-1.277355e-01	3.164468e-01	-3.256018e-02	-8.049732e-02	1.606485e-01	-2.883796e-01	-2.090890e-01	-1.797616e-01	-5.708355e-01	4.113711e-01	-4.161930e-01	4.238512e-01	-2.192987e-01	-3.295779e-01	8.805431e-02	-2.284977e-01	-5.011089e-01	-7.305499e-02	-2.174717e-01	-3.240548e-02	1.340580e-01	4.453524e-01	1.025749e+00	-3.390814e-02	6.066449e-02	-2.410011e-01	-1.206351e-01	6.165530e-01	-5.847375e-01	3.013300e-01	5.821403e-01	3.335259e-01	1.769447e-02	4.639899e-02	-6.300739e-01	3.262185e-01	-1.543680e-01	5.268431e-01	3.164629e-01	2.120686e-01	9.382921e-02	-3.401147e-02	-1.123141e-01	6.442223e-02	2.041212e-01	1.275163e-01	8.509955e-02	-1.522966e-01	-4.073439e-01	-2.372049e-01	-2.644054e-01	7.701883e-02	-7.562277e-02	-1.209532e-01	-6.205655e-02	-4.765124e-01	-2.561671e-01	-5.431728e-01	3.682413e-01	6.853638e-01	1.810772e-01	1.147227e-01	9.062353e-02	4.647435e-02	-8.803778e-01	-4.503033e-03	4.975144e-01	5.141786e-02	-3.330692e-01	-2.928351e-01	-2.066094e-01	-1.170980e+00	2.666376e-01	-4.662759e-02	2.466377e-01	-2.874674e-01	8.791440e-01	1.828178e-01	4.064256e-01	1.654230e-02	7.557981e-01	-7.807375e-02	-8.056368e-01	-3.244604e-01	-1.739791e-01	-9.015868e-01	-1.639558e-01	-1.078813e-01	-1.887394e-02	6.738728e-01	-9.839399e-02	-7.809424e-01	-1.337082e-01	1.849226e-03	-2.198925e-01	8.254260e-02	-5.781112e-01	4.317519e-01	-5.234913e-01	-5.262958e-01	7.180975e-01	-1.617727e-01	3.915124e-02	2.996258e-01	-1.039240e-01	-5.970454e-01	6.905970e-02	-2.812915e-01	-2.946407e-02	1.890348e-01	-9.811721e-02	5.375943e-02	-1.554910e-01	-1.625615e-02	-4.940830e-01	-5.626638e-01	1.965372e-01	-1.023340e+00	-1.728550e-01	-6.133978e-01	7.887997e-02	-2.441754e-02	-3.043818e-01	-1.103984e-01	3.258373e-01	-8.760232e-02	4.318774e-01	7.343195e-01	4.359421e-01	-1.538934e-01	1.218148e-01	-3.104339e-01	2.767465e-01	-2.641889e-01	2.534948e-02	-2.307541e-01	5.014226e-01	-1.900960e-02	-1.338691e-01	-7.679351e-02	-4.650412e-01	-4.942656e-01	9.196392e-02	3.199792e-01	3.479053e-01	-7.346750e-02	-1.012877e-01	6.657023e-01	-6.999340e-02	2.565959e-01	-3.195385e-01	-3.130406e-01	2.187060e-02	2.038671e-02	8.404966e-02	5.197759e-01	-1.309536e+00	3.264250e-01	-2.036662e-01	1.574479e-01	2.047358e-01	-3.161613e-01	-7.855641e-01	1.887263e-01	3.796586e-01	3.391181e-01	3.259923e-01	4.994024e-01	5.895841e-01	1.771922e-01	3.812411e-01	-1.428353e-01	5.971084e-01	4.638458e-02	-4.955144e-01	-6.529255e-02	-4.089453e-01	-1.377936e-01	3.642703e-01	-1.505205e-01	6.287073e-02	-9.707591e-01	-1.957808e-01	4.724545e-01	4.299419e-02	6.184103e-02	-3.418748e-01	-1.244949e-01	-1.523589e-01	3.736109e-01	3.350774e-01	1.998462e-01	-8.397041e-02	4.947026e-02	3.881145e-01	6.524095e-03	-3.922724e-01	-3.346084e-01	4.410914e-01	-2.590445e-01	-1.842112e-01	5.530203e-02	-2.850828e-01	-6.750324e-02	-7.030567e-01	2.537096e-01	4.491057e-02	3.595886e-01	-2.480402e-01	-1.093967e-01	2.099945e-01	-6.052534e-01	1.069669e+00	-1.489688e-01	-4.689810e-01	5.271057e-03	-1.294982e-01	1.019970e-01	-7.725571e-01	5.662754e-01	-5.534518e-02	-1.980825e-01	-2.511618e-01	-3.039798e-02	6.224294e-02	-2.777641e-01	9.126903e-03	6.062117e-01	1.485787e-01	-1.739313e-01	3.644565e-03	1.722198e-01	7.405055e-02	-1.169222e-01	-1.751627e-01	-4.068027e-01	5.982593e-01	5.339833e-01	3.502730e-01	-1.466579e-01	-8.302871e-02	-2.269781e-01	9.597515e-02	-7.575203e-02	7.918266e-02	3.338363e-01	1.206241e+00	3.452262e-01	6.513762e-01	3.755150e-01	-2.577556e-03	-2.442379e-01	-1.959576e-01	4.397049e-01	-3.548006e-01	1.886009e-01	5.733750e-01	5.755942e-01	3.626782e-01	9.570350e-02	-1.542691e-01	-5.344793e-02	1.030993e-01	-5.859138e-02	-4.489523e-01	1.963441e-02	-3.714314e-01	-6.598026e-01	-1.773238e-01	2.259059e-01	-1.306396e-01	-5.976462e-01	1.026188e-01	2.797321e-01	-1.340670e-02	-1.337590e-01	-1.667365e-01	-1.260955e-01	-1.145233e-02	-5.500458e-01	-2.090791e-01	-4.751838e-01	2.678832e-01	-7.309508e-01	2.988338e-01	-3.296439e-01	6.089529e-02	-3.572766e-01	-4.232987e-01	5.920708e-01	-4.266001e-01	3.766110e-01	1.175648e-01	6.443365e-01	-1.581123e-01	3.296776e-01	1.441949e-01	-1.306446e-01	3.282694e-01	-6.012214e-01	2.439476e-01	1.694791e-01	-4.980129e-01	-3.355958e-01	-5.909765e-02	5.541073e-01	3.713461e-01	-4.405092e-01	-2.528486e-01	-4.302661e-01	-3.543980e-01	-3.936057e-01	-2.892087e-01	-9.310609e-02	-1.547218e-02	-6.792622e-02	5.246542e-01	-6.993315e-02	-1.278865e-01	7.615135e-02	-3.000419e-01	-2.800556e-01	-1.113867e-01	1.704927e-01	-3.240991e-01	-4.444812e-01	8.956212e-02	5.259508e-01	-1.934754e-01	2.456923e-01	-1.440782e-01	-4.368415e-02	-1.503703e-01	-1.103277e-01	-1.191050e-02	8.281066e-02	1.776853e-01	-9.686947e-02	-1.369781e-01	-1.444822e-01	-1.251145e-01	-3.374553e-02	6.555790e-01	-1.979874e-01	-3.948603e-01	-4.475920e-01	-6.433866e-02	-5.183521e-03	3.894549e-01	-2.169950e-01	-5.699385e-01	-3.238238e-01	-3.080760e-01	-7.454631e-02	-7.808228e-02	-4.526280e-02	2.759860e-01	1.229366e+00	-4.208222e-02	7.369047e-02	-2.914382e-01	-3.487488e-01	-4.700748e-01	1.876758e-01	1.330303e-01	1.931543e-01	-2.842182e-01	-1.026568e-01	-3.263527e-01	-5.549194e-01	-8.828692e-02	-1.859522e-01	3.332224e-01	-3.600656e-01	5.170724e-02	2.658269e-01	-2.504199e-01	7.186568e-03	3.662530e-01	-2.958799e-01	7.179981e-01	3.211209e-02	4.845496e-01	-9.466054e-02	3.697549e-01	3.819126e-01	-2.315201e-01	1.480548e-01	-3.147039e-01	2.263099e-01	-2.610838e-01	-3.180104e-01	4.088729e-01	-1.593499e-02	-8.799698e-02	3.387666e-01	-1.710133e-01	1.099214e-01	2.513095e-01	4.468059e-01	4.955031e-01	-4.549732e-01	-3.281500e-01	8.455501e-02	-2.635536e-01	3.941239e-01	2.821786e-01	9.672612e-04	9.976446e-02	-3.628535e-01	-5.003085e-01	-5.936629e-01	3.275704e-01	-1.768868e-01	4.396419e-01	-2.547525e-01	5.292065e-02	2.784433e-01	-5.778040e-01	1.110327e-01	-2.793749e-01	-4.434006e-01	-5.875001e-01	-1.529845e-01	4.970953e-01	-3.836743e-02	2.897578e-01	1.573080e-01	-2.553518e-01	6.413629e-02	8.252662e-02	-1.997699e-01	6.167156e-02	2.120508e-01	-2.943209e-02	1.893358e-01	-9.515826e-01	-1.619647e-01	-1.463243e-01	2.184683e-01	6.032318e-02	4.486870e-01	-4.022666e-01	3.473773e-02	-1.387939e-01	-5.346350e-01	-1.328111e-01	-2.638472e-02	-5.661785e-01	-2.233778e-01	-8.148677e-01	-3.585431e-01	-2.917094e-01	-3.369673e-01	-1.216284e-01	-4.722178e-03	4.704757e-01	2.465221e-02	3.723229e-01	3.128266e-01	-8.352555e-02	2.459849e-01	-5.151392e-01	-6.807994e-01	3.514329e-01	-3.261887e-01	4.007874e-02	6.745338e-01	3.811875e-01	-1.776213e-01	9.399422e-02	-1.542794e-01	-2.473575e-01	1.446173e-01	2.787127e-01	-2.428701e-01	-6.204610e-01	2.864837e-01	3.657506e-01	-4.795142e-01	9.592073e-02	3.651685e-01	-8.668649e-01	-1.238182e-01	-1.515798e-01	2.659488e-01	-5.192678e-01	1.149014e-01	1.050551e-01	2.836512e+00	-2.645157e-01	-2.734428e-01	-2.022131e-01	3.786627e-01	4.545817e-01	8.428494e-02	-2.396688e-01	-4.205133e-01	7.125936e-03	-1.357696e-01	-1.046861e-01	4.048618e-01	-4.586639e-01	1.541865e-01	9.665384e-01	-1.250100e-01	2.457013e-01	-7.272334e-02	-2.664629e-01	2.921067e-01	-1.016719e-02	2.580888e-02	-1.980424e-01	-1.123648e-01	-1.013613e+00	4.219396e-01	3.284445e-01	-7.898107e-01	-6.408894e-01	-6.674230e-01	2.073263e-01	-6.376569e-01	-6.002017e-01	-1.776655e-01	9.275822e-02	-1.878772e-01	-1.306318e-01	-1.430572e-01	-3.790898e-01	-1.452047e-01	1.317854e-01	-2.133871e-01	-3.391871e-01	9.145318e-02	-1.431129e-01	-1.986639e-01	5.684629e-02	-4.491970e-02	7.137921e-02	-3.473784e-01	1.178265e-02	-6.093652e-01	1.364862e-01	2.130811e-01	1.484355e-01	-4.917350e-01	1.230554e-01	7.389181e-01	-3.807356e-01	7.183954e-02	-3.425758e-01	1.312321e-01	-1.900035e-01	-5.315887e-01	-3.546026e-01	3.094114e-02	4.036802e-01	6.199006e-01	-5.402321e-01	-1.748870e-01	-9.682138e-02	3.036507e-01	-2.911309e-01	-6.983446e-01	1.805153e-01	-5.398535e-02	-8.727617e-01	2.801141e-01	-1.146682e-01	5.482447e-01	2.256604e-01	-3.978096e-01	-3.862656e-01	1.862030e-01	1.786431e-02	3.250913e-01	3.791018e-04	-7.686095e-02	7.636591e-01	6.438599e-01	2.226183e-01	4.498918e-01	4.440302e-03	-6.756190e-01	-4.049449e-01	-9.668157e-02	-9.111334e-02	-5.447444e-02	-1.225984e+00	-2.567751e-03	4.164053e-01	2.975533e-01	2.557043e-01	-4.001647e-01	2.514823e-01	-2.407156e-01	-2.866262e-01	1.096083e-01	4.901321e-01	-4.968533e-01	2.346446e-01	-4.145543e-03	-5.880495e-01	-2.977744e-01	-2.715167e-01	-2.616903e-01	-3.838073e-02	1.093376e-01	-2.731642e-01	-1.897373e-01	1.432699e-01	3.804811e-01	1.476848e-02	-3.172287e-02	-1.175575e-02	-1.966507e-01	1.222105e-01	2.355119e-01	6.484771e-01	-1.634459e-01	-9.637605e-02	-1.013999e-01	1.789791e-01	3.050529e-01	-8.632972e-02	1.585018e-01	-3.108656e-01	-6.372836e-01	-2.975472e-01	-1.457425e-01	-1.420404e-01	4.318501e-02	-1.552912e-01	-3.289379e-01	-2.635433e-02	-4.165882e-02	6.108218e-02	2.066599e-01	4.378645e-01	-2.454687e-01	8.913010e-02	-4.202918e-01	-4.186399e-01	-2.312339e-02	-1.585081e-02	-3.697444e-01	2.219774e-01	-3.112771e-01	2.069514e-01	-2.483921e-02	2.932256e-01	-4.119317e-01	-1.060918e-01	1.203060e-01	-1.064251e+00	-1.245220e-01	2.420452e-01	-3.306295e-01	7.559754e-01	3.669000e-01	-7.784342e-02	-4.204024e-01	9.634857e-02	-2.378423e-01	1.233849e-01	2.998451e-01	-3.828870e-01	-2.709955e-02	-2.306161e-01	3.218410e-01	-1.803392e-01	-9.047078e-02	-5.388743e-01	-1.022649e-01	-5.779495e-01	-3.388856e-01	-3.739947e-01	5.887070e-02	3.522643e-01	-1.600684e-01	6.326845e-01	3.115833e-02	-5.879477e-02	-9.265754e-02	-4.336393e-01	2.741815e-01	-1.315660e-01	3.777858e-01	2.016513e+00	4.515665e-02	3.470959e-01	-4.653788e-01	-2.294640e-01	-3.068678e-01	-5.634338e-01	-2.489871e-01	-2.520722e-01	-8.239366e-03	1.409346e-01	-4.396327e-01	7.278485e-01	6.423839e-01	4.821853e-02	-7.935892e-02	-2.172654e-02	-5.781317e-01	2.344670e-02	-9.794594e-02	1.455887e-01	7.373749e-02	1.110645e-01	3.035531e-01	5.042742e-02	4.212332e-01	-1.905261e-01	8.587616e-01	-7.925550e-01	-4.921291e-01	-4.411174e-01	6.800030e-01	-7.410242e-01	-5.127798e-01	-2.635101e-01	-2.885444e-01	-6.074386e-01	2.277753e-01	-2.454951e-02	-1.680589e-02	4.942857e-02	3.344150e-01	4.037907e-02	5.363623e-01	-1.113492e-01	2.867532e-01	-1.925177e-01	-2.903607e-01	-4.317875e-01	8.433429e-02	1.447510e+00	-4.464811e-01	1.257103e-01	2.954316e-01	-9.891285e-02	-2.968616e-01	-3.883592e-01	-4.952806e-01	-5.295413e-01	-7.115756e-02	-3.571329e-01	3.491345e-02	1.238566e-01	-5.148777e-01	4.013515e-01	-2.343850e+01	3.138602e-01	5.260041e-01	-4.818057e-01	4.377702e-01	-3.910746e-02	-2.940094e-01	-9.133433e-01	6.395118e-01	1.748465e-01	-2.115634e-01	-2.535025e-01	1.263196e-02	-1.968983e-01	2.027026e-01	-1.036897e-01	1.921760e-01	8.182416e-02	-2.240705e-01	7.243700e-02	3.966244e-02	-1.887262e-01	-1.602654e-02	-5.469531e-01	3.076678e-01	-3.367282e-01	6.867546e-01	-6.397156e-05	-4.060935e-01	1.558365e-01	-3.558977e-01	-5.076696e-01	3.460749e-02	-2.165633e-01	-9.947246e-02	4.389240e-01	1.896123e-01	8.319356e-01	-1.340119e-01	1.302889e-01	-2.312785e-01	7.819380e-03	4.592257e-01	-3.147508e-01	2.341221e-01	6.729378e-01	2.886921e-01	1.281391e-01	1.688383e-01	-8.242334e-01	4.080829e-01	-7.967479e-02	6.236542e-01	4.362691e-01	1.275117e-01	1.839130e-01	-1.041496e-01	5.083473e-02	2.103299e-01	1.842433e-01	-4.632322e-02	-1.876942e-02	6.712865e-02	-1.125485e-01	-1.575702e-01	-2.393434e-01	-6.150175e-02	-8.852813e-02	-7.341105e-02	8.756176e-02	-3.792903e-01	-2.267454e-01	-3.374512e-01	1.883385e-01	5.221210e-01	4.557256e-01	-4.164921e-02	1.539068e-01	-1.044648e-01	-6.467499e-01	-1.466149e-02	4.674652e-01	1.564854e-02	-2.380145e-01	-3.803730e-01	-1.112904e-01	-1.150508e+00	3.156420e-01	-8.093793e-02	2.715293e-01	-8.368321e-02	8.585067e-01	2.007861e-01	4.192111e-01	-1.154363e-01	5.256417e-01	-2.303648e-01	-5.407120e-01	-2.918110e-01	-1.853960e-01	-7.422985e-01	-6.973528e-02	-8.999778e-03	3.054411e-02	5.520984e-01	-7.042426e-02	-5.890974e-01	-1.997480e-01	-6.240001e-02	-1.162342e-01	1.070521e-01	-4.039439e-01	4.775412e-01	-6.400379e-01	-3.633923e-01	5.354044e-01	-6.529886e-02	1.315042e-01	2.785929e-01	-3.193015e-01	-7.105502e-01	-9.904129e-02	-1.443999e-01	-2.473784e-01	5.158244e-02	-1.898045e-01	-1.095352e-02	-2.730170e-01	-1.276174e-01	-2.968064e-01	-5.675924e-01	6.521963e-02	-8.303974e-01	-2.290172e-01	-6.406515e-01	-1.513679e-03	7.564817e-02	-1.356511e-01	-1.022338e-01	-1.812032e-02	3.312902e-02	3.957063e-01	4.730736e-01	2.184108e-01	-2.016678e-01	2.018978e-01	-3.008454e-02	2.578762e-01	-9.850912e-02	1.165868e-01	2.788497e-02	4.293757e-01	1.717260e-01	-2.003392e-01	1.801461e-01	-3.743452e-01	-5.740723e-01	4.988092e-02	1.824263e-01	3.857583e-01	-8.643253e-02	-8.265470e-02	5.371878e-01	1.023613e-01	3.705917e-01	-1.786366e-01	-1.322889e-01	-9.108572e-02	-1.506911e-02	-1.600896e-01	5.807684e-01	-9.979465e-01	3.172488e-01	-3.584377e-01	2.534742e-01	2.221772e-01	-1.908312e-01	-6.018776e-01	7.867497e-02	3.177042e-01	3.328024e-01	2.385820e-01	5.536835e-01	6.580159e-01	1.859592e-01	3.990878e-01	3.658351e-02	5.295871e-01	-8.841035e-02	-2.250550e-01	-7.159206e-02	-4.357589e-01	-1.210987e-01	4.453809e-01	1.939095e-02	6.961501e-02	-2.194546e-01	-3.253448e-01	4.802813e-01	1.634746e-01	8.535980e-02	-1.350502e-01	-8.787305e-02	-7.562762e-02	4.233139e-01	4.465190e-01	1.367496e-01	-1.865216e-01	1.890754e-01	4.128473e-01	8.686052e-02	-3.164570e-01	-1.503128e-01	3.504064e-01	-1.384014e-01	4.628807e-02	6.923931e-02	-8.934937e-02	8.958719e-02	-6.020353e-01	2.053512e-01	1.234254e-01	1.579061e-01	-7.985175e-02	3.325711e-02	3.699094e-01	-3.699418e-01	9.975623e-01	-1.087714e-01	-4.028326e-01	4.395455e-02	-1.607722e-01	1.033033e-01	-5.486944e-01	6.652454e-01	-1.575718e-01	-1.844789e-01	-1.290184e-01	7.936359e-02	-4.089505e-02	-1.980266e-01	-6.048652e-02	5.332966e-01	4.538152e-01	4.968673e-02	-1.000729e-01	2.706555e-01	2.548067e-02	-1.208275e-01	-1.678035e-01	-2.216035e-01	4.205075e-01	7.346128e-01	3.552096e-01	-2.548013e-02	-2.707176e-01	-3.510245e-01	3.494722e-01	1.016629e-03	2.820928e-02	2.597762e-01	1.024448e+00	1.534987e-01	5.314678e-01	4.782049e-01	1.463775e-01	-6.234141e-02	-2.667153e-01	3.032289e-01	-1.368909e-01	4.699786e-01	4.191507e-01	2.338562e-01	3.328767e-01	3.345689e-03	-2.523042e-01	1.725942e-02	1.189643e-01	-8.200096e-02	-4.135308e-01	-2.118128e-01	-2.972111e-01	-5.317214e-01	1.287949e-02	7.773362e-02	-1.150074e-01	-4.089527e-01	6.575997e-02	1.494580e-01	1.062882e-02	-4.265006e-02	-1.372472e-01	-1.417890e-01	2.849265e-01	-4.581120e-01	-2.615150e-01	-2.633252e-01	3.457991e-01	-4.941422e-01	1.755223e-01	-3.012260e-01	2.491029e-01	-1.037437e-01	-3.677605e-01	5.103722e-01	-3.309949e-01	3.155718e-01	6.713007e-02	7.453048e-01	-2.728539e-01	2.241739e-01	2.098423e-01	-2.208572e-01	3.304159e-01	-6.283858e-01	2.033198e-01	1.476320e-02	-4.275350e-01	-3.615231e-01	-2.196964e-02	4.741974e-01	3.278632e-01	-6.066995e-01	-1.227235e-01	-2.965798e-01	-3.837972e-01	-3.251911e-01	-2.148215e-01	-7.853720e-02	-1.957412e-01	6.987310e-02	3.892299e-01	-1.364332e-01	2.781412e-02	1.903805e-01	-1.893524e-01	-3.192365e-01	-1.768158e-01	5.282072e-02	-1.378216e-01	-4.357143e-01	9.935693e-02	4.105876e-01	-1.532796e-01	1.029467e-01	-2.954249e-01	-4.104825e-02	-7.723589e-02	-6.951195e-02	1.851611e-02	-4.323964e-03	1.491918e-01	-1.430305e-01	6.760022e-03	2.194546e-02	1.721801e-02	1.611715e-01	6.479917e-01	-3.208678e-01	-3.149200e-01	-4.963946e-01	7.693517e-02	-5.699087e-02	2.542794e-01	-3.592166e-01	-4.821041e-01	-2.406921e-01	-3.907472e-01	2.073208e-01	-1.094047e-01	-5.457688e-02	8.246719e-02	1.223114e+00	-3.936334e-02	6.405674e-02	-1.874524e-01	-2.134415e-01	-4.162759e-01	9.588949e-02	2.233287e-01	1.583008e-01	-2.953992e-01	-2.582343e-01	-5.743941e-01	-4.468625e-01	-3.615475e-02	-5.878578e-02	3.618913e-01	-2.300222e-01	2.010438e-01	9.573638e-02	-6.439976e-02	2.488614e-02	2.145305e-01	-1.314234e-01	6.440339e-01	1.998976e-01	3.654382e-01	-1.612053e-01	3.620672e-01	3.956616e-01	-3.343530e-01	1.406175e-01	-2.779169e-01	3.796230e-01	-2.171117e-01	-4.599756e-01	2.923054e-01	-1.156254e-01	-4.672081e-02	2.808638e-01	-4.835514e-02	8.101989e-02	3.163857e-01	3.501507e-01	6.908882e-01	-4.025423e-01	-2.397759e-01	1.619211e-01	-1.909052e-01	3.420661e-01	3.385803e-01	1.163806e-01	1.073307e-02	-2.980278e-01	-5.604981e-01	-4.199666e-01	3.883497e-01	-3.856133e-01	3.795381e-01	-3.094149e-01	9.989323e-02	3.830284e-02	-3.041518e-01	1.088227e-01	-2.532135e-01	-3.439852e-01	-3.968298e-01	-2.839725e-01	6.291236e-01	-1.532153e-02	1.888697e-01	2.060451e-01	-2.049635e-01	5.274746e-02	3.606617e-02	-1.168505e-01	4.194178e-02	1.545133e-01	3.283164e-02	1.731245e-01	-7.862042e-01	-2.027208e-01	-7.111426e-02	2.443654e-01	1.681753e-01	3.226826e-01	-4.892620e-01	2.215303e-01	-1.994459e-01	-1.751179e-01	-1.073821e-01	-1.687641e-01	-5.901353e-01	-3.293875e-01	-7.014788e-01	-2.504209e-01	-3.052072e-01	-3.196573e-01	-2.602792e-01	-1.566119e-01	3.887237e-01	-1.025014e-01	3.000755e-01	2.647532e-01	-1.146297e-02	4.194036e-01	-4.333252e-01	-6.159541e-01	2.906080e-01	-1.910846e-01	2.653145e-01	6.808049e-01	5.296465e-01	-2.030448e-01	2.432529e-01	-2.104799e-02	-2.024281e-01	1.992725e-01	2.067429e-01	1.407339e-02	-4.421173e-01	4.071298e-01	1.292156e-01	-4.569387e-01	2.318517e-01	5.654362e-01	-7.281374e-01	-3.185668e-01	-3.106305e-01	3.196055e-01	-3.797696e-01	2.188088e-01	1.120086e-01	3.274239e+00	-7.130826e-02	-2.810899e-01	-1.305622e-01	5.143643e-01	4.070518e-01	-1.993902e-01	-3.322299e-01	-4.581939e-01	5.194440e-03	-7.093243e-02	-2.706346e-01	3.061872e-01	-3.029408e-01	6.714253e-02	7.263331e-01	2.103635e-02	1.610682e-01	-5.489760e-02	1.152000e-01	1.838872e-01	-2.811952e-01	-1.557717e-01	-3.084498e-01	-1.046638e-01	-8.049698e-01	5.195606e-02	3.070049e-01	-7.707165e-01	-4.102786e-01	-4.659555e-01	1.633943e-01	-7.246963e-01	-5.533531e-01	-2.512068e-01	4.811032e-03	-2.865222e-01	-1.291787e-01	-1.869309e-01	-3.142206e-01	-1.990976e-01	1.111277e-01	-1.609421e-01	-1.408810e-01	2.260433e-01	-2.595111e-01	-2.306050e-01	1.580347e-01	8.371507e-02	-3.281922e-02	-4.770201e-01	2.070256e-02	-4.892114e-01	1.323415e-01	2.301837e-01	-6.289513e-02	-4.387574e-01	5.318267e-02	5.320565e-01	-3.397456e-01	8.297756e-02	-2.929796e-01	1.601182e-01	-2.892211e-01	-3.299925e-01	-1.768637e-01	7.741366e-02	2.803671e-01	6.045483e-01	-5.039577e-01	-9.888208e-02	-2.757344e-01	2.787358e-01	-4.027098e-01	-6.513476e-01	1.691743e-01	-6.841980e-02	-7.483904e-01	1.433956e-01	4.883830e-02	3.859220e-01	4.735422e-01	-4.303482e-01	-6.338333e-01	2.446249e-01	-6.692533e-02	1.070355e-01	4.992831e-03	6.760411e-02	9.903998e-01	6.822823e-01	3.105999e-01	2.366202e-01	-2.419555e-02	-6.276973e-01	-4.730066e-01	-1.470905e-01	-8.664433e-02	-1.006215e-01	-6.106631e-01	1.756067e-02	1.888579e-01	3.249563e-01	2.247939e-01	-1.693346e-01	8.619038e-02	-2.202838e-01	-2.695735e-01	-9.217411e-03	3.737865e-01	-4.776301e-01	4.658096e-01	-2.341201e-01	-6.689671e-01	-4.058537e-01	-2.017547e-01	-2.770414e-01	-1.383616e-01	2.167907e-01	-2.595347e-01	-3.424374e-01	4.565342e-02	2.701755e-01	1.002669e-03	3.270724e-02	2.475445e-01	-1.777122e-01	1.237218e-02	1.317762e-01	1.825681e-01	-2.390802e-01	1.232409e-01	2.916028e-02	2.506215e-01	7.041089e-02	7.198153e-02	1.764292e-01	-3.318868e-01	-3.858819e-01	-3.296004e-01	-2.081103e-01	-1.915580e-01	2.631485e-01	-1.369374e-01	-3.090934e-01	-4.811800e-02	-8.739712e-03	-1.109735e-01	1.223541e-01	2.472165e-01	-1.903329e-01	-7.895809e-02	-3.531376e-01	-1.912825e-01	-2.694563e-03	-1.159222e-01	-3.024758e-01	2.921841e-02	-1.858969e-01	1.559505e-01	-6.807046e-02	2.570701e-01	-3.704675e-01	-2.241595e-01	8.951635e-02	-1.075635e+00	7.163413e-02	2.384895e-01	-3.199050e-01	6.875971e-01	2.835045e-01	-2.099245e-01	-1.515582e-01	-4.666087e-03	-1.769570e-01	2.355607e-02	2.721889e-01	-2.342682e-01	-1.351570e-01	-1.578773e-01	2.480622e-01	-4.031407e-01	3.901168e-02	-2.458794e-01	2.579963e-02	-5.033076e-01	-3.882710e-01	-2.116906e-01	-1.772703e-02	1.392454e-01	-2.365781e-01	5.112886e-01	1.114655e-01	-1.604578e-01	-2.675864e-02	-4.710566e-01	1.513603e-01	-1.182163e-01	1.399934e-01	2.020873e+00	9.713070e-03	3.349301e-01	-4.588599e-01	-1.784232e-01	-2.720281e-01	-5.051242e-01	-4.087327e-01	-2.918798e-01	3.234489e-02	3.260096e-02	-3.183517e-01	7.410378e-01	5.118526e-01	6.783397e-02	-1.723272e-01	-1.393340e-03	-4.089147e-01	-2.486951e-02	-1.227075e-01	9.250429e-02	8.882555e-02	2.414304e-01	3.241616e-01	1.636341e-01	3.604456e-01	-1.145789e-01	7.113510e-01	-5.839590e-01	-1.862401e-01	-3.380807e-01	4.992981e-01	-6.185261e-01	-6.155611e+00	-2.480160e-01	-3.329800e-01	-3.483077e-01	2.442832e-01	2.106421e-01	-2.914798e-01	-1.334005e-02	4.169993e-01	1.784762e-01	5.798634e-01	-3.845090e-02	2.285518e-01	-3.469276e-01	-2.508338e-01	-2.217616e-01	5.269892e-02	1.319351e+00	-2.199851e-01	8.871138e-02	2.043495e-01	3.678790e-02	-3.468518e-01	-2.858724e-01	-4.799855e-01	-3.967800e-01	-5.844896e-02	-3.506733e-01	4.745131e-02	1.101623e-01	-4.315506e-01	1.870306e-01	-1.733237e+01	5.531913e-01	4.757094e-01	-5.525505e-01	4.409067e-01	-1.029636e-01	-2.307132e-01	-3.199542e-01	6.953237e-01	1.461168e-01	-2.354894e-01	-1.751089e-01	5.252341e-03	-3.838730e-01	1.627839e-01	-1.818649e-01	9.410841e-02	-2.724173e-02	-1.646305e-01	-7.883094e-02	2.153694e-01	-1.856095e-01	-7.199085e-02	-4.659362e-01	7.435074e-02	-3.738295e-01	5.697342e-01	3.313106e-02	-4.142759e-01	2.895009e-01	-2.743526e-01	-4.391642e-01	2.635515e-01	-1.711585e-01	-8.586404e-02	5.555106e-01	7.467154e-02	6.690342e-01	-3.244056e-01	9.236643e-02	-2.880623e-01	5.902766e-02	1.936218e-01	-1.499438e-01	1.779639e-01	7.287236e-01	1.815032e-01	1.646607e-01	1.477721e-01	-9.846384e-01	4.061143e-02	2.498956e-01	6.423094e-01	4.589663e-01	1.739017e-01	1.364322e-02	-3.561253e-02	9.779905e-02	-5.041447e-02	1.046150e-01	-3.338099e-03	-2.869287e-02	9.527891e-02	1.748478e-01	-1.702687e-01	-1.844238e-01	1.390728e-01	-5.972112e-02	-2.045438e-01	8.734163e-02	-1.288847e-01	-2.440037e-01	-2.106451e-01	-9.258857e-02	2.547279e-01	3.845149e-01	-3.392139e-01	2.641580e-01	-2.695070e-01	-5.523798e-01	1.744601e-01	4.131102e-01	-2.290880e-01	-2.033293e-01	-3.290255e-01	-6.725381e-02	-1.227292e+00	3.028820e-01	-1.318547e-01	-9.611395e-06	-2.541461e-02	5.330761e-01	2.499570e-01	1.735153e-01	-1.523831e-01	1.548872e-01	-2.584188e-01	-4.946095e-01	-2.270758e-01	-1.295637e-01	-4.610697e-01	1.123412e-01	4.842737e-02	1.401506e-01	4.823249e-01	-8.186085e-03	-3.880831e-01	-1.737710e-01	1.018404e-01	1.755164e-01	1.203870e-01	-3.503841e-01	4.640388e-01	-5.313743e-01	-1.568521e-01	2.840162e-01	-9.135581e-04	2.205220e-01	4.063541e-01	-4.777471e-02	-7.304127e-01	-1.588164e-01	-2.196169e-01	-2.213400e-01	-1.515897e-01	-3.376077e-01	1.348215e-01	-4.212433e-01	-1.210676e-01	-4.246529e-01	-4.854215e-01	1.489424e-02	-6.712427e-01	-1.122422e-01	-5.189719e-01	-1.723221e-03	4.024847e-01	-9.904018e-02	2.492327e-02	1.604477e-03	-6.555054e-02	3.368533e-01	4.926852e-01	1.584172e-01	-2.021839e-01	2.678469e-01	-1.564099e-01	2.936000e-01	-5.938033e-02	1.291553e-01	-1.259141e-02	2.452614e-01	1.246172e-01	1.232242e-02	7.376368e-02	-5.207271e-01	-4.130933e-01	4.849469e-02	1.269923e-01	1.305688e-01	-1.742213e-01	-5.001077e-02	3.213857e-01	2.478070e-02	1.614376e-01	-1.436565e-02	6.004111e-02	-2.013866e-01	-2.377340e-02	-8.444639e-02	4.023079e-01	-8.906616e-01	5.366799e-01	-5.964652e-01	1.445577e-01	4.556122e-02	-3.265336e-01	-6.255979e-01	1.207890e-01	3.197872e-01	6.282310e-03	1.431162e-01	2.409568e-01	6.614362e-01	3.168819e-01	3.533673e-01	-7.935889e-03	5.119399e-01	-1.022097e-01	-6.068749e-02	1.811597e-01	-4.041416e-01	-2.428360e-01	4.576468e-01	-1.453528e-01	-8.836247e-02	1.273381e-01	-9.736384e-02	3.837830e-01	3.524177e-01	1.844055e-01	9.626044e-02	2.706382e-02	-1.721896e-01	4.595327e-01	4.645075e-01	2.084209e-01	-1.924879e-01	1.347279e-01	4.856802e-01	-6.964372e-03	-1.430556e-01	-2.242687e-01	1.826667e-01	-1.098946e-01	-2.200532e-02	-4.902700e-02	-2.667941e-01	1.779962e-01	-5.568952e-02	2.806942e-01	-2.164606e-01	-4.946996e-02	1.306768e-01	1.747275e-01	3.035955e-01	-1.821974e-01	7.047071e-01	-2.581852e-01	-2.472249e-01	-3.369426e-02	-9.007492e-02	2.330920e-01	-5.512879e-01	5.628932e-01	-1.868808e-01	-1.385286e-01	-1.499476e-01	1.950546e-01	-7.358780e-02	-9.511505e-02	-1.566012e-01	4.433456e-01	4.493584e-01	1.177108e-01	6.081494e-02	2.707259e-01	5.519439e-02	2.336576e-02	1.525951e-01	2.238866e-02	2.308652e-01	6.432895e-01	4.008783e-01	6.608378e-02	-3.179345e-01	-2.797292e-01	2.335926e-01	-1.296737e-01	-1.881581e-02	2.099609e-01	9.111301e-01	3.707234e-02	3.250479e-01	2.471518e-01	2.065277e-01	1.292428e-01	-3.644409e-01	3.352395e-01	-1.019355e-01	6.242337e-01	3.345871e-01	1.116621e-01	1.013596e-01	4.903001e-02	-3.471115e-02	2.535735e-01	-3.279102e-02	-1.681111e-01	-2.823454e-01	-7.575893e-02	-3.994305e-01	-9.871767e-02	-1.318175e-01	2.470840e-02	5.451666e-02	-7.069832e-02	3.332272e-01	4.272462e-01	1.423812e-01	1.143463e-01	-1.408136e-01	-2.423609e-01	1.711542e-01	-2.051454e-01	-7.205527e-02	8.845127e-02	1.842379e-01	-4.165592e-01	2.706892e-01	-4.886896e-01	2.922225e-01	2.820942e-01	-2.794545e-01	4.981095e-01	-6.749140e-02	3.120019e-01	-9.115036e-02	5.561533e-01	-2.845138e-01	3.228723e-02	7.220661e-02	-3.461497e-01	2.760407e-01	-4.771784e-01	1.624688e-01	5.803313e-02	-3.636867e-01	-3.003695e-01	-2.641603e-01	4.222523e-01	1.609975e-01	-4.276829e-01	1.272240e-01	-1.838856e-01	-4.063675e-01	-2.851967e-01	-1.796230e-01	-1.547792e-01	-4.099101e-02	-1.288742e-01	3.376373e-01	-2.225424e-02	5.901697e-02	8.836772e-02	-1.893064e-01	-5.117561e-01	2.312028e-01	8.086997e-02	-3.597729e-01	-3.969080e-01	8.966343e-03	3.416733e-01	2.149084e-01	1.945714e-02	-2.218619e-01	1.087699e-01	2.806198e-02	-1.339858e-01	1.637896e-02	-1.627946e-03	-1.583949e-01	-2.695991e-01	-1.027277e-02	1.606690e-01	-1.295978e-01	1.557211e-01	5.081792e-01	-4.018749e-01	-1.821635e-01	-5.672611e-01	-4.327673e-04	-3.087259e-01	1.107156e-02	-1.038485e-01	-4.385924e-01	-5.955835e-02	-3.111717e-01	1.494041e-01	-3.250766e-03	-1.112581e-02	-9.059487e-02	1.215857e+00	-7.558455e-02	1.457778e-01	-9.881782e-02	-9.426323e-02	-3.791881e-01	4.096882e-02	1.163665e-01	2.912918e-01	-4.103588e-02	-1.183559e-01	-4.994680e-01	-3.034673e-01	-1.864890e-01	8.093268e-02	3.227117e-01	-2.910171e-01	-1.505574e-01	1.684483e-01	-8.659302e-02	3.504226e-02	1.682436e-01	-3.952065e-02	4.806534e-01	3.285543e-01	1.519901e-01	-3.194561e-01	2.522790e-01	3.122688e-01	-1.890315e-01	2.478052e-01	-3.817005e-01	2.202933e-01	-2.239974e-01	-2.474120e-01	3.201759e-01	6.838542e-02	6.328539e-02	2.131969e-02	7.085603e-02	-9.938397e-02	2.924455e-01	3.112430e-01	3.352428e-01	-1.732544e-01	-1.396019e-01	2.151315e-01	-1.276086e-01	1.362968e-01	3.064510e-01	1.656983e-01	-3.705228e-02	-1.979049e-01	-6.490303e-01	-3.731714e-01	5.167941e-01	-2.108120e-01	2.206998e-01	-1.242302e-01	-4.380166e-02	-1.586301e-01	-4.410886e-01	2.521584e-01	-1.805389e-01	-5.087942e-02	-5.048836e-01	-4.437365e-01	7.993930e-01	-4.328232e-02	3.399343e-02	5.477494e-02	-1.728424e-02	-2.542329e-02	1.772325e-01	3.192710e-03	-1.760332e-01	3.836660e-02	1.898750e-02	8.765550e-02	-6.605491e-01	-2.617322e-01	-1.445999e-01	2.673965e-01	1.763234e-01	1.647127e-01	-4.619700e-01	2.176662e-01	-2.621664e-01	1.875375e-02	-9.060945e-02	-1.738779e-01	-3.305110e-01	-3.628681e-01	-5.341875e-01	-1.246638e-01	-8.254065e-02	-3.379232e-01	9.197264e-03	-1.194244e-01	3.808983e-01	-1.844957e-01	2.574382e-01	3.890570e-01	-2.504329e-01	2.395810e-01	-4.397393e-01	3.502566e-02	1.080148e-01	7.517123e-02	3.434635e-01	6.633306e-01	2.713717e-01	-1.407403e-01	2.499610e-01	9.158148e-02	-3.225172e-01	8.816916e-02	6.032948e-02	1.942956e-01	-1.688410e-01	2.402245e-01	5.146558e-02	-3.789371e-01	4.074621e-01	2.918026e-01	-5.771894e-01	-3.321573e-01	-3.611764e-01	1.573299e-01	-4.267432e-01	8.067141e-02	6.478161e-02	3.321710e+00	1.103477e-01	-1.470131e-01	-9.047096e-02	4.798853e-01	2.343030e-01	-1.848115e-01	-1.507968e-01	-2.298614e-01	1.201459e-02	-8.857996e-02	-3.691704e-01	3.378106e-01	9.658303e-03	1.417947e-01	5.688182e-01	-1.494794e-01	3.514003e-01	2.664256e-02	5.078015e-01	1.434436e-01	-3.363198e-01	-1.279517e-01	-3.090772e-01	-7.482360e-02	-5.140617e-01	8.195779e-03	2.289945e-01	-7.231308e-01	-3.903729e-01	-3.896428e-01	4.769151e-01	-6.149346e-01	-5.512829e-01	-1.783199e-02	-1.907270e-01	-1.972272e-01	
