1.250273e-01	-1.251066e-01	4.199725e-01	6.104517e-02	-6.326486e-02	1.547530e-01	-3.301489e-01	-2.280397e-01	-6.748445e-02	4.285585e-01	1.415676e-01	3.674027e-01	-1.115485e-01	1.983162e-01	8.627389e-02	-1.471256e-01	6.884752e-01	-4.232353e-01	-1.011505e-01	1.611441e-01	-8.963848e-03	-1.841482e-02	5.241631e-02	-7.719018e-02	-3.176664e-01	6.920698e-01	-4.980044e-01	-2.587431e-01	-7.053234e-02	-1.826925e-01	2.924856e-02	2.390936e-01	-2.010346e-01	4.597774e-01	-4.579132e-03	-1.563715e-01	-4.705961e-01	1.314856e-01	2.089166e-01	-1.744325e-01	-3.829102e-01	-1.435967e-02	-1.230777e-01	-3.215889e-02	2.355996e-01	-3.946801e-01	2.527648e-01	-2.520243e-02	-4.884432e-02	2.647094e-01	1.086568e-01	-2.480056e-01	1.435890e-01	8.789951e-02	3.443464e-01	1.241987e-01	-4.202233e-03	-9.316880e-02	5.695857e-02	2.293563e-01	1.952574e-01	1.410060e-02	-4.777127e-02	-4.342381e-01	-1.648896e-01	1.449371e-01	-2.251157e-01	-2.233620e-01	3.235920e-01	1.559229e-01	-4.596447e-01	1.359954e-01	3.147187e-01	1.212999e-02	8.603299e-03	7.542540e-01	-1.615231e-02	-1.507163e-01	-1.200788e+00	-3.531775e-01	2.128699e-01	1.055886e-01	-2.555777e-01	5.086627e-02	1.479040e-01	1.736855e-01	5.508988e-01	2.741332e-01	2.269696e-01	-4.460469e-01	-4.306861e-02	3.297535e-02	8.293600e-01	-8.551934e-02	-4.308976e-01	5.024963e-01	4.159716e-01	2.907904e-01	1.858354e-01	2.620011e-01	-3.218500e-01	2.694318e-02	5.991279e-01	1.208342e-01	3.065253e-01	-3.568980e-01	3.403119e-01	4.570741e-02	1.070658e-01	3.179049e-01	4.099115e-01	1.504377e-02	2.492921e-01	5.526457e-02	1.806219e-01	-3.115699e-01	-1.365732e-01	9.063856e-02	4.314228e-01	-2.774445e-01	-2.065359e-01	4.672707e-02	1.496392e-02	2.967163e-01	1.050417e-01	-3.144241e-01	-4.804212e-02	7.574527e-02	-2.822262e-03	1.646923e-01	-3.364536e-01	4.989716e-01	9.083171e-02	4.205184e-02	2.093781e-01	1.451983e-01	1.651170e-01	-1.265406e-01	-1.866373e-01	3.661700e-01	-1.531723e-01	-1.099863e-01	-3.680828e-01	-1.064147e-01	-2.670235e-01	1.392784e-01	9.224211e-02	7.204005e-01	-3.573769e-01	6.398620e-02	-7.045631e-02	2.482102e-01	7.553066e-01	5.400054e-02	-4.381030e-01	2.118381e-01	1.631346e-01	1.015224e-01	-2.520049e-01	6.169769e-01	-3.739604e-03	3.589517e-01	-4.252276e-01	1.856804e-01	-1.248925e-02	1.243622e-02	2.611690e-02	-1.237142e-01	7.947410e-02	-1.477747e-01	-7.670674e-02	3.836204e-01	-2.690721e-01	4.589554e-01	3.013328e-01	2.337101e-01	2.235720e-02	4.116565e-02	-2.544773e-01	-6.163079e-01	-5.913393e-01	2.108196e-01	-2.879988e-02	-4.810774e-02	1.607151e-01	-1.049668e-01	2.927827e-01	1.573173e-01	-9.886710e-02	2.274959e-01	-1.076346e-01	-2.171220e-01	-4.474823e-01	2.884864e-02	-3.283298e-01	2.798584e-01	-9.425695e-03	1.298400e-01	-3.903990e-02	8.428504e-02	-5.842413e-01	2.797664e-03	7.388122e-02	3.212416e-01	-1.230098e-01	1.726994e-01	-1.582732e-01	-6.031432e-02	4.489169e-03	4.241222e-01	-2.527338e-01	-1.826195e-01	2.523080e-01	1.851249e-01	6.939408e-01	-6.209784e-03	-2.552759e-01	-3.285820e-01	7.261138e-02	-3.519302e-02	2.122016e-01	1.618586e-01	-1.687011e-01	-3.075624e-01	-3.132306e-01	-1.851442e-01	3.467506e-02	1.399071e-01	1.160750e-01	-4.995212e-01	-2.419038e-01	-3.050644e-01	-4.135758e-01	3.157777e-01	-3.408507e-01	1.942721e-01	1.634507e-01	-1.638978e-01	-4.187323e-01	3.094087e-01	-2.159455e-01	2.826140e-01	4.358970e-02	1.804133e-01	1.831557e-01	-4.932088e-03	7.229709e-02	-3.823276e-01	3.023161e-01	-2.573564e-01	-9.729650e-02	9.651035e-02	4.923589e-01	-2.493460e-01	-3.412182e-01	-6.609259e-02	-1.179286e-01	-2.597327e-01	1.721107e-01	-1.547977e-01	2.524506e-01	-8.305545e-01	-1.410399e-01	3.304664e-01	3.306022e-01	-5.629420e-02	8.952010e-02	4.813228e-01	-2.401960e-01	1.084403e-01	-2.896600e-01	3.977929e-01	1.095057e-01	2.886181e-02	-2.177924e-01	3.753808e-01	-1.897473e-01	1.266064e-01	-3.255230e-01	2.893893e-01	6.227842e-02	-3.865052e-01	-2.811192e-01	1.514144e-01	-3.718882e-01	-2.485040e-01	1.336818e-01	-2.070756e-01	1.476478e-01	-2.606840e-01	-2.497526e-01	-5.442597e-01	1.654968e-01	1.047420e-01	-8.342896e-02	-2.758774e-01	-4.354712e-01	-5.073314e-02	-2.495387e-01	-9.480442e-02	1.849401e-01	2.136187e-01	-9.744025e-02	-1.245281e-02	-2.828189e-01	2.005550e-01	-1.244238e-01	-4.472275e-01	7.004192e-01	2.786631e-01	-3.628800e-01	5.502672e-01	-2.341281e-01	3.210902e-01	1.388665e-01	-1.295168e-01	4.774702e-01	1.291554e-01	-2.016200e-01	9.502338e-02	-1.497605e-01	-1.151086e-02	5.992171e-01	1.246208e-01	-9.275283e-02	-3.350339e-02	-2.518339e-02	-1.324670e-01	-7.692293e-02	-8.860770e-03	1.085339e-02	1.405566e+00	6.247060e-02	-2.830852e-01	-2.043928e-01	5.447614e-03	-1.745455e-02	-6.979066e-02	-4.334916e-01	-1.525288e-01	-3.000559e-01	-8.786838e-02	5.575691e-01	-2.228276e-01	1.664200e-01	-3.426824e-01	-3.952479e-03	7.284204e-01	-2.058636e-01	-5.667232e-01	9.210147e-02	2.252344e-01	7.674193e-03	2.836508e-01	-8.783122e-02	4.217659e-01	-4.953012e-01	2.706681e-01	1.892861e-01	-3.444387e-01	-1.827068e-02	1.518985e-01	4.613801e-02	-1.125678e-01	-2.725521e-01	-1.523115e-01	-6.301478e-02	-1.083866e-01	1.453315e-01	2.726258e-01	2.016259e-01	6.927487e-01	-3.071266e-01	-5.364078e-01	1.429883e-01	-1.493343e-01	-3.725717e-02	-5.964217e-01	2.906045e-01	-4.927621e-01	-2.855984e-01	-3.536171e-01	-5.576369e-01	-6.731902e-02	2.921717e-01	-1.342562e-01	3.672800e-01	1.030264e-01	2.880475e-01	1.072386e-01	-6.192602e-02	5.047649e-01	-1.825277e-02	5.414193e-02	-2.113304e-01	5.027077e-02	3.009392e-01	-2.528503e-02	-4.084755e-01	-8.400226e-02	1.390120e-01	-9.250976e-02	2.915967e-01	3.146510e-01	-1.455566e-01	2.932307e-01	3.952957e-01	8.702137e-02	3.076826e-01	1.952191e-01	4.096634e-01	5.428652e-01	2.054892e-01	3.815803e-02	4.817727e-01	4.920548e-01	-1.021498e+00	1.024143e-02	-1.839643e-01	1.620495e-01	3.381892e-01	2.837063e-01	-5.401277e-02	-1.069439e+00	5.369789e-02	1.699938e-01	-9.820453e-02	2.682407e-01	1.370996e-02	-1.259607e-01	-2.740117e-01	-1.878521e-01	-5.117010e-01	-2.878997e-01	-3.068084e-01	-1.428046e-01	2.332641e-01	-6.533498e-01	-2.632850e-01	1.191413e-01	-5.034983e-02	-2.125156e-02	8.166035e-02	1.988949e-01	-2.695888e-01	5.356769e-01	-1.981811e-01	-1.738876e-03	2.450370e-01	5.552095e-01	-1.022204e-01	-3.783313e-01	-2.559928e-01	-2.317964e-01	-2.296662e-01	-2.656859e-01	2.199578e-02	-1.713019e-01	2.273535e-01	-4.844381e-01	-1.803263e-01	9.499613e-02	4.229994e-01	7.246147e-02	-2.267337e-01	-3.838284e-01	3.304347e-03	-4.128595e-01	2.354444e-01	3.305618e-01	-1.577409e-01	2.468748e-01	-1.205124e-01	-5.338462e-01	-7.938224e-02	-1.062808e-01	-2.555444e-01	-4.121864e-01	3.192044e-01	-1.716463e-01	-3.880332e-01	2.149872e-03	6.802543e-01	-1.090256e-01	2.160490e-03	9.360148e-02	1.299163e-01	-2.743616e-02	3.541172e-01	1.030136e-01	4.004543e-01	-1.119913e-01	9.935046e-03	-2.733076e-01	8.318713e-02	1.072249e-01	7.949065e-02	-1.572516e-01	1.527565e-01	3.818980e-01	-1.264994e-01	2.606157e-01	-3.014466e-02	-1.136452e-01	2.803517e-02	-8.438998e-02	6.473740e-03	-1.243027e-01	-2.266403e-01	-1.170003e-01	-7.168122e-02	-6.878079e-01	-5.295435e-01	1.251567e-01	-1.909132e-01	4.803926e-02	2.882190e-01	-4.052955e-01	7.511501e-02	2.361743e-01	1.078175e-01	1.657739e-01	1.939703e-01	-4.453205e-01	1.726369e-01	-4.116543e-01	-2.261901e-01	-2.213404e-01	-6.153591e-02	-1.583393e-01	-3.403875e-01	1.809172e-01	1.814673e-01	5.558825e-01	1.601861e-01	4.124394e-01	7.511381e-02	2.139675e-01	-7.105438e-02	3.853515e-01	-4.537714e-02	-1.020113e-01	1.448369e-01	4.985859e-01	6.307972e-02	-1.315483e-02	-4.781426e-02	3.987551e-01	1.211559e-01	-9.743577e-03	2.177934e-01	-2.750133e-01	-7.386102e-02	-5.434091e-02	-3.240629e-01	4.956931e-02	5.034802e-02	9.507328e-02	2.206481e-01	5.989187e-02	-3.720533e-01	-5.354816e-02	3.902711e-01	-1.333366e-01	1.236506e-01	1.158644e-01	-2.699650e-01	1.530854e-01	2.067676e-01	1.463679e-01	4.349270e-02	3.925314e-01	-2.834377e-01	1.222855e-01	-5.603047e-02	3.575083e-01	-3.749291e-02	8.264186e-02	-1.369048e-01	4.025365e-02	4.652756e-02	-2.523212e-01	-8.324908e-02	6.899008e-02	1.281174e-01	-1.419361e-01	1.830936e-01	4.677661e-01	-3.549779e-01	2.035522e-02	9.030626e-02	2.614034e-02	-8.486472e-01	1.123091e-01	1.681155e-01	6.879593e-02	1.545291e-01	-5.171279e-01	3.050641e-01	1.909787e-01	1.486494e-01	-4.363148e-01	-4.317219e-01	-5.318027e-01	-7.365812e-01	-3.014525e-02	2.854786e-01	-2.263519e-01	-5.415913e-01	1.074309e-01	-2.410686e-01	-3.823337e-01	-1.757531e-01	-3.052624e-01	-1.592253e-01	-3.095953e-01	-3.151847e-01	5.404990e-01	-9.057310e-03	1.877257e-01	8.408859e-02	-9.435312e-02	2.190860e-01	2.719345e-01	1.530454e-01	-1.959572e-02	6.736176e-01	-2.832507e-02	6.249624e-02	-2.725142e-02	7.680004e-02	-1.405597e-01	-1.124057e-01	-1.517617e-01	2.229826e-01	1.999833e-01	-3.665288e-02	1.327295e-01	-2.016637e-01	1.942048e-01	-1.708015e-01	5.869230e-01	2.965791e-01	-6.469636e-02	-3.230052e-01	3.383272e-01	6.183321e-02	3.902708e-01	-3.777641e-01	-1.562521e-01	5.514691e-01	-3.259947e-02	2.051400e-01	-4.217734e-01	2.583382e-02	2.191891e-01	2.643958e-02	5.908221e-04	-3.570368e-01	2.487863e-01	3.256869e-01	2.977558e-01	1.348887e-01	-4.232228e-01	-2.631082e-01	1.749852e-02	-6.805931e-01	-1.370490e-01	2.817768e-01	-3.106113e-01	3.167610e-01	-8.510673e-03	-7.655533e-02	3.188101e-01	2.710866e-01	9.033414e-02	8.022315e-02	1.006081e-01	-7.939839e-02	-2.047848e-02	-3.200498e-01	-1.735658e-01	-1.622492e-03	8.001324e-02	-3.321024e-01	8.817807e-02	-2.180202e-01	-4.444555e-02	-1.591160e-01	-5.315015e-02	1.430438e-01	-8.444425e-02	2.194970e-01	-2.154565e-01	-2.980318e-01	-6.912781e-02	-2.319043e-01	-2.330046e-01	4.395955e-01	4.627265e-01	1.191320e-01	-5.280867e-01	2.790380e-01	-6.270574e-01	-4.801280e-01	-2.910674e-01	-2.282833e-01	-1.854508e-01	-1.743021e-02	1.873527e-01	3.089837e-01	-4.050545e-01	2.797860e-02	1.953243e-02	3.015270e-02	1.289920e-01	7.603295e-02	-3.335016e-01	-5.155154e-01	2.494892e-01	1.808450e-02	3.522494e-01	-5.941162e-01	1.805830e-01	2.574134e-01	2.770492e-02	-1.069351e-01	9.172921e-02	-6.704459e-03	1.402716e-01	2.724344e-02	-1.066748e+00	-7.610031e-02	9.233592e-02	1.095158e-01	1.433827e-01	1.589299e-01	3.731996e-01	-1.164329e-01	5.098427e-02	8.807747e-02	-2.279197e-01	-1.349103e-01	-1.711032e-01	2.507615e-01	2.812956e-01	4.121532e-01	4.533422e-02	1.748986e-01	-2.698867e-01	-4.492517e-01	-3.660611e-02	-3.245775e-01	6.765681e-03	-5.999308e-02	9.950536e-03	-1.645382e-01	5.766705e-01	2.780808e-02	2.736095e-01	-2.878307e-01	-8.634623e-01	-4.578255e-02	-2.680019e-01	3.162456e-01	-2.158774e-01	3.686967e-01	5.084532e-02	9.942639e-02	1.755081e-01	2.008644e-01	5.831131e-02	-2.762108e-01	2.254839e-01	-3.874422e-01	-6.911883e-01	1.433679e-03	2.887898e-01	5.013151e-01	5.444622e-02	-1.865986e-01	7.237552e-03	9.969099e-02	-2.249234e-01	3.823797e-01	-1.568992e-01	-8.528322e-02	-1.916057e-01	3.853456e-01	5.671755e-01	-5.053415e-01	-1.333065e-01	-6.585570e-01	2.413743e-01	-2.845290e-01	-7.356785e-01	-1.524598e-01	8.161132e-03	4.830337e-01	4.294384e-01	-2.660300e-01	1.427426e-01	-1.443971e-03	-4.096692e-02	-6.193911e-01	-2.566889e-01	-1.805531e-02	2.107113e-01	-7.105903e-01	1.198072e-01	-1.254693e-01	2.194447e-01	3.804820e-01	-4.106477e-01	-9.248875e-02	-2.224843e-01	5.233405e-02	-1.201895e-01	3.613635e-01	3.566633e-02	5.042971e-01	2.213776e-01	6.608518e-01	-5.101237e-02	6.808926e-02	-2.845638e-01	4.740614e-02	5.462298e-01	2.588703e-01	-1.127090e-01	-5.429671e-01	-8.596221e-01	4.686226e-02	9.843861e-02	1.691289e-01	-6.955860e-01	4.487490e-01	-6.799336e-01	-6.950704e-01	2.764073e-01	8.518633e-02	-2.345125e-01	1.991217e-01	3.214557e-01	-5.523942e-01	-3.585136e-01	-4.150854e-01	-3.155935e-01	4.002438e-02	5.381822e-02	-1.868514e-01	-4.726607e-01	4.512740e-01	1.552645e-01	5.126487e-01	2.824880e-01	1.783198e-01	-1.389608e-01	-5.936174e-02	7.354455e-03	7.463850e-01	-3.581828e-01	-6.415882e-01	1.508702e-03	6.394624e-01	3.324332e-01	3.636488e-01	1.493588e-02	-1.722025e-01	-2.380282e-01	-1.862181e-02	-1.221248e-01	2.181440e-01	-3.645955e-01	4.707676e-01	-3.285626e-02	3.477754e-01	-1.937150e-01	6.503972e-01	-2.999712e-02	3.804637e-01	-1.367280e-01	-2.993391e-01	-3.055108e-01	-4.432084e-01	-1.973306e-01	8.967218e-02	-5.599866e-01	-3.152214e-01	-2.782431e-01	1.617572e-01	1.174821e-01	-2.436867e-01	-5.346457e-02	-6.501558e-02	1.981483e-01	-8.496894e-01	2.506805e-01	-1.890334e-01	4.945571e-01	9.189287e-03	-8.442066e-02	-1.555955e-01	1.870031e-03	2.278675e-01	-1.691709e-01	-6.755842e-02	2.714592e-02	-4.483844e-01	-5.844337e-01	-3.496415e-01	-1.382489e-01	-2.540686e-01	1.211753e-01	2.769669e-01	3.320085e-01	-6.766974e-01	-8.825158e-02	-1.960919e-01	1.504301e-01	7.585611e-01	9.496220e-04	-6.720256e-02	-5.862895e-03	-1.408620e-01	-1.023974e-01	-4.884132e-01	7.626055e-01	-1.662159e-01	5.478480e-01	1.457854e+00	-6.437889e-01	8.357114e-02	1.149528e-01	-2.696636e-01	-9.490632e-02	1.774161e-01	-4.865348e-01	-3.102859e-01	4.891968e-01	-1.338466e-01	2.365231e-01	2.672251e-01	6.201686e-01	5.385380e-02	-1.480335e-01	-2.426908e-01	-4.988274e-01	-3.048378e-01	2.467954e-03	-1.100445e-01	-3.813237e-01	4.199409e-01	1.343062e-02	4.502224e-01	2.910194e-01	-1.795022e-01	8.976356e-01	-4.591457e-01	-5.061860e-01	-6.573454e-01	3.205250e-02	-7.635824e-01	3.809295e-01	1.388666e-01	-2.541184e-01	-4.884195e-01	1.326971e-01	-5.366193e-01	2.640351e-01	3.053918e-02	2.154367e-01	-4.555151e-02	7.237387e-02	-5.040785e-01	4.407404e-02	-3.401148e-03	-2.393722e-01	-3.331853e-02	-3.102036e-01	1.034995e+00	-2.161236e-01	6.476079e-01	-4.065748e-02	-1.032974e-01	-6.632966e-01	-4.249787e-01	-9.184698e-02	-9.650178e-02	1.508937e-01	-5.928259e-01	-6.710604e-02	-1.920342e-01	-6.757669e-01	2.418869e-01	-3.149107e+01	5.481893e-01	-2.838437e-01	8.479537e-02	3.332868e-01	-5.651047e-01	3.101150e-01	-2.143871e+00	1.617403e-01	2.679439e-02	-5.441723e-01	-2.314743e-01	3.493576e-01	1.170753e-01	4.407642e-01	-1.979134e-01	2.325917e-01	-9.625175e-02	-4.160365e-01	2.968089e-01	-3.488696e-01	8.718492e-02	-5.501309e-01	-2.925834e-01	4.478281e-01	4.198212e-01	2.909962e-01	-4.102061e-01	-3.942063e-01	-2.374899e-01	-7.693298e-01	-8.755375e-02	9.070616e-02	8.093530e-02	-4.372529e-01	1.772987e-01	6.507861e-01	9.361602e-01	-4.818760e-01	-2.734619e-02	6.732442e-01	-2.190090e-01	1.104716e-01	-1.971723e-01	3.629749e-01	-2.740268e-01	-1.013107e-01	-2.663388e-01	1.059780e-01	-7.233871e-01	4.741665e-01	-1.817171e-01	7.150261e-01	2.387421e-01	-5.003654e-01	-6.838131e-02	-3.054333e-03	-2.514691e-01	-1.830944e-01	2.640114e-01	-3.231864e-01	5.158998e-02	-1.954311e-01	-9.390669e-02	-3.643136e-01	5.346639e-02	8.335283e-02	-1.751778e-01	-1.981089e-01	-3.442832e-01	-3.251773e-01	-5.586632e-01	-3.747830e-01	3.620073e-01	2.248421e-01	3.745899e-02	1.240275e-01	-3.901071e-02	4.599889e-02	-3.414733e-01	-3.874363e-01	2.861302e-01	4.377214e-01	-1.597892e-01	4.152450e-01	-3.898288e-01	-6.172934e-01	3.169692e-01	-4.933832e-01	7.160681e-01	3.367453e-01	5.992516e-01	3.256755e-02	1.313888e-01	1.769418e-01	7.634357e-01	-5.823036e-02	-2.325688e-01	-3.752996e-01	-3.535434e-01	-2.321235e-01	-2.233635e-01	-2.819202e-01	1.164135e-01	5.599098e-01	1.379894e-01	-2.489125e-01	-1.628920e-01	2.833122e-02	-5.347798e-01	-4.010172e-02	-6.038701e-01	2.755260e-01	-5.849253e-01	-2.445430e-01	2.392398e-01	1.145647e-02	9.544613e-02	-4.994697e-01	4.233484e-01	-2.153658e-01	-2.120791e-01	6.944160e-02	-2.711073e-01	4.298611e-01	-7.175648e-02	3.976389e-01	1.438387e-01	3.082318e-01	5.216373e-02	1.346148e-01	-5.592329e-02	-8.495417e-01	-3.095694e-01	-2.464043e-01	-3.151501e-02	-1.284135e-01	8.725225e-03	-5.290896e-01	2.076731e-01	-1.797757e-01	3.164437e-01	-2.474727e-01	3.493374e-01	-3.095390e-01	-1.248382e-01	-4.232434e-01	-2.517740e-02	-2.527584e-01	-7.993652e-02	-6.747445e-01	-1.690100e-01	-6.342753e-01	-3.783900e-01	-3.778572e-01	-7.026102e-01	-1.548976e-01	2.821758e-01	-9.120367e-02	5.953295e-01	3.203628e-01	-1.342997e-01	5.030273e-01	-8.061643e-02	6.476796e-01	-1.378519e-01	8.221083e-02	-3.138677e-01	-3.807071e-01	3.463627e-01	4.387225e-01	-7.263619e-01	1.208790e-02	-1.237990e-02	-3.111494e-01	1.719549e-01	-3.869340e-02	-1.704151e-01	4.069340e-01	2.502150e-01	1.952186e-01	8.717636e-01	1.854319e-01	1.097806e+00	5.198571e-01	2.758115e-01	-5.077001e-01	7.077370e-01	5.363247e-03	-7.568631e-01	-1.156441e-01	-5.237174e-01	-2.133845e-01	2.798442e-01	8.057460e-02	-4.669240e-01	-1.547813e-01	6.058147e-02	4.593210e-01	9.982274e-02	2.479090e-01	2.893518e-01	-1.656620e-01	1.041196e-01	1.653892e-01	-3.685051e-01	-1.832209e-01	-1.251577e-02	-9.543818e-02	2.290852e-01	-6.449395e-01	1.675565e-02	5.160848e-02	-3.248369e-02	1.484789e-02	-1.751320e-01	1.489843e-01	-6.719661e-01	6.768125e-01	-3.138024e-01	3.581573e-01	3.656767e-01	2.549185e-01	-2.492997e-01	-1.818063e-01	1.928134e-02	1.109782e-01	3.080632e-01	-5.966409e-01	2.872090e-01	-5.697903e-02	3.813285e-01	3.338229e-02	-5.268511e-01	5.397093e-02	-4.035365e-02	1.714056e-01	-4.288531e-01	-1.080244e-01	4.660618e-01	-6.519288e-01	4.463379e-02	4.105713e-01	7.360561e-02	-1.948768e-01	-4.680850e-02	-7.632656e-01	-2.377208e-01	1.432927e-01	-9.548939e-01	-3.489169e-01	3.574834e-01	3.981157e-01	-1.891840e-01	-3.792426e-01	-1.658430e-01	-3.569500e-01	4.660588e-02	-1.540227e-01	-1.582415e-01	-2.094715e-01	8.595470e-01	1.061925e-01	5.263329e-01	-1.270236e-01	1.439677e-01	3.084519e-01	-2.538418e-01	8.006089e-01	2.114684e-01	1.484360e-01	2.268468e-01	4.175752e-01	-1.832178e-01	3.310927e-01	-4.628521e-02	6.548697e-02	1.497867e-02	-2.883223e-01	-2.290212e-01	-1.649968e-01	-2.271281e-01	-7.286551e-02	-1.190898e-01	3.576780e-02	-4.112095e-01	-2.297853e-02	-2.326553e-01	-4.051577e-02	5.571588e-02	-2.434863e-01	-4.570327e-02	-2.178358e-01	4.506796e-01	-2.275074e-02	4.367363e-02	-9.439065e-01	9.658344e-02	-3.817228e-01	1.064020e-01	-2.955738e-01	-1.810198e-01	-3.467289e-01	-5.593630e-01	3.841086e-01	2.825239e-01	7.015324e-01	1.528668e-01	9.138551e-02	2.647824e-02	3.667390e-01	-2.097730e-01	1.209489e-01	-6.857207e-02	-3.858284e-01	3.571684e-01	2.809008e-01	-2.259810e-01	-2.825300e-01	-5.604677e-02	5.732238e-01	4.124038e-01	-3.457382e-03	-1.042698e-01	-7.002965e-01	-7.919151e-01	-1.269543e-01	-1.773835e-01	2.018561e-02	4.444849e-02	6.487537e-01	1.527368e-01	6.095898e-02	-3.312018e-01	-5.891144e-03	2.127580e-01	-2.329725e-01	-1.311602e-01	1.378954e-01	-2.890956e-01	8.558184e-02	4.230990e-01	8.874037e-02	-2.135968e-01	3.260226e-01	-2.322989e-01	-2.371190e-01	3.038874e-02	-1.845450e-02	-1.312767e-01	3.850451e-01	-1.590524e-02	1.320111e-01	-7.823100e-02	-2.761359e-01	-4.418340e-01	6.505492e-02	6.244608e-01	-1.220192e-02	3.024135e-01	1.311914e-01	-6.507450e-01	1.230095e-01	4.520585e-02	8.952190e-02	-5.004884e-01	-2.264820e-02	-2.785740e-01	1.649484e-01	-8.620565e-02	-7.659718e-01	3.382872e-01	7.015294e-01	-1.148817e-01	-2.485044e-01	-5.447379e-01	-3.439961e-01	-3.391607e-01	1.531945e-01	4.332391e-01	-3.269805e-01	-4.657738e-01	7.330943e-01	-5.407318e-01	-6.678311e-01	1.868965e-01	-1.154924e-01	-1.524304e-01	8.009067e-02	-9.920401e-02	4.046694e-01	-2.623436e-01	1.359147e-01	1.932917e-01	-2.522653e-01	2.332929e-01	2.144934e-01	3.548391e-01	-4.667911e-02	7.044026e-01	1.008275e-01	-2.617445e-01	1.052352e-01	-3.972952e-02	-1.028159e-01	-5.422181e-02	-1.871548e-01	5.568337e-01	-5.254019e-02	-6.969282e-02	2.900010e-01	-2.544011e-02	3.229412e-01	-2.627221e-01	5.135843e-01	5.131564e-01	-1.243887e-01	-7.125521e-01	2.372026e-01	6.872393e-02	5.887057e-01	-3.928669e-01	2.048388e-01	4.053682e-02	-8.961682e-02	-8.646356e-02	-3.779588e-01	1.682293e-01	-1.368378e-01	2.648142e-01	-1.422881e-01	9.799612e-02	5.614207e-02	-1.527811e-01	-2.574202e-01	-1.468951e-01	-2.404623e-01	-2.309937e-01	-1.754166e-01	-3.086658e-01	4.248782e-02	4.715558e-01	-2.648883e-01	4.145484e-01	2.962387e-02	7.229270e-02	3.445665e-01	1.773213e-02	2.040923e-01	-3.414732e-01	1.277283e-01	-5.764052e-01	-7.834602e-02	-2.387842e-01	-2.871287e-01	-1.716583e-02	5.192683e-01	-5.074655e-01	-5.525004e-02	-4.297208e-01	-4.133129e-01	-1.162442e-01	-1.732610e-02	-2.257656e-01	-3.931224e-01	-2.912205e-01	-4.343386e-01	-3.864410e-02	-3.822037e-01	-3.919469e-01	-2.529734e-01	5.168218e-01	7.596778e-01	2.722537e-01	2.442136e-04	2.296631e-01	-4.040771e-01	-7.038332e-01	-6.148264e-01	1.689746e-01	-4.945696e-01	-1.964126e-01	8.633126e-02	9.940420e-02	-6.304651e-01	1.962420e-01	3.136779e-02	1.954232e-01	5.810177e-01	4.487378e-01	-2.386339e-01	-1.176371e+00	2.748854e-01	2.514319e-01	1.353918e-01	-2.724854e-01	2.753671e-01	-7.401624e-02	1.137315e-01	-3.646455e-01	3.446545e-01	-3.885229e-01	6.719455e-01	1.633814e-01	2.304001e+00	6.115255e-03	1.811931e-01	-2.038311e-01	5.522862e-01	5.257895e-01	-1.463314e-01	8.769118e-02	-2.505591e-01	1.533718e-01	1.936458e-01	5.467132e-02	-1.405969e-01	3.138315e-01	-1.669431e-02	4.488166e-01	-2.238363e-03	-1.261919e-02	6.684981e-02	-5.277380e-01	-1.226457e-01	-4.361656e-01	-3.886407e-01	-1.314293e-02	-3.378170e-01	-2.251174e-01	8.749442e-01	-2.421106e-02	-2.986097e-01	-5.509183e-01	-6.773030e-01	1.400644e-01	-2.287318e-01	2.147656e-01	-2.394048e-01	8.050615e-01	1.940500e-01	1.776409e-01	1.346321e-01	1.874095e-01	-9.335115e-02	-2.631891e-01	6.681690e-02	-3.704478e-01	-8.297476e-01	1.305058e-01	2.422315e-01	4.148000e-01	-7.095808e-02	-2.853373e-01	-9.710183e-02	1.420751e-01	-2.893571e-01	3.454421e-01	-4.203015e-02	-2.501417e-01	-2.219760e-01	2.972053e-01	6.106742e-01	-5.554415e-01	-1.048794e-02	-6.701335e-01	1.850454e-01	-4.802395e-02	-4.216903e-01	5.529590e-04	-1.112656e-01	5.662382e-01	3.332818e-01	-1.976670e-01	-1.877327e-01	1.629700e-01	-3.139941e-02	-5.472594e-01	-4.807015e-01	1.933142e-02	2.019110e-01	-7.394303e-01	-2.093704e-02	-4.779723e-02	2.018515e-01	3.836497e-01	-2.355588e-01	-2.212687e-01	-1.846827e-01	1.423323e-01	-1.340891e-01	3.192088e-01	-1.003708e-01	5.907131e-01	2.060092e-01	8.813574e-01	-1.481744e-01	4.811202e-02	-3.323584e-01	5.093312e-02	5.088434e-01	1.140344e-01	-2.747375e-01	-3.894947e-01	-7.769268e-01	-4.757387e-02	1.512713e-01	2.747894e-01	-5.075302e-01	4.267125e-01	-5.267355e-01	-5.535132e-01	9.476198e-02	2.337627e-01	-2.417731e-01	2.435991e-01	9.143838e-02	-7.070597e-01	-3.383536e-01	-3.419994e-01	-2.944235e-01	4.174833e-02	-1.772133e-01	-1.337947e-01	-4.161632e-01	5.669069e-01	-2.079605e-02	5.369039e-01	2.439403e-01	9.513826e-02	7.449733e-02	7.858401e-03	-3.276629e-02	5.809852e-01	-3.656576e-01	-4.314600e-01	-2.102264e-01	5.115190e-01	2.116456e-01	1.714957e-01	-4.177354e-02	-1.758469e-01	-2.515366e-01	-1.330509e-01	-1.107677e-01	1.583820e-01	-2.806901e-01	2.606751e-01	-2.835454e-02	4.554757e-01	-2.516604e-01	6.347114e-01	-1.461062e-01	4.088503e-01	-1.387045e-01	-3.145097e-01	-2.845766e-01	-4.436033e-01	-1.062956e-01	-4.699847e-02	-3.163573e-01	-3.757442e-01	-2.711795e-01	2.666654e-01	-3.149564e-02	-2.970012e-01	-8.109008e-02	-2.209706e-01	1.138591e-01	-8.399938e-01	2.461905e-01	-6.845613e-03	4.198871e-01	-5.730021e-03	-2.767613e-03	-1.021154e-01	1.653561e-01	3.992922e-02	-1.274422e-01	-1.777987e-02	3.355204e-03	-2.641223e-01	-6.955316e-01	-2.763485e-01	-1.245942e-01	-2.558962e-01	7.632377e-02	2.683925e-01	2.791758e-01	-6.191140e-01	-1.377447e-01	-2.379053e-01	2.089519e-02	7.120433e-01	8.295877e-02	4.548065e-02	7.934603e-02	-2.130410e-01	-1.432781e-01	-6.165220e-01	7.683126e-01	6.832942e-02	5.044416e-01	1.616624e+00	-3.169844e-01	2.167809e-01	1.081521e-01	-3.219755e-01	-1.328789e-01	9.907240e-02	-6.408755e-01	-3.755416e-01	3.405101e-01	-5.568583e-02	1.728750e-01	4.316103e-01	5.944561e-01	-1.072355e-01	-2.154793e-01	-1.716297e-01	-4.852286e-01	-2.407223e-01	2.347098e-01	2.906467e-02	-3.119803e-01	5.346794e-01	-5.534220e-02	6.036149e-01	3.394615e-01	-2.554826e-01	8.805639e-01	-3.531817e-01	-4.319836e-01	-5.505878e-01	4.831384e-02	-8.904067e-01	-4.050063e-01	9.884961e-02	-2.104840e-01	-5.588502e-01	1.412044e-01	-3.606889e-01	3.103175e-01	-3.851136e-02	1.715876e-01	-5.093859e-02	-4.715827e-02	-4.893813e-01	-5.598421e-02	-1.318753e-01	-1.821307e-01	9.956826e-02	-2.276901e-01	1.077922e+00	-1.683765e-01	7.391312e-01	-5.900370e-03	-5.395686e-03	-5.612563e-01	-1.463254e-01	-4.048925e-02	-6.884759e-02	4.092404e-02	-6.012409e-01	3.197477e-02	-1.656065e-01	-5.258487e-01	2.540126e-01	-2.481938e+01	5.721359e-01	-1.923363e-01	2.620111e-01	5.310987e-01	-5.605228e-01	2.600429e-01	-2.266957e+00	6.433561e-02	-1.734080e-01	-5.723472e-01	-2.367804e-01	3.335475e-01	-1.244841e-01	5.353253e-01	-3.550514e-01	8.930100e-02	-7.835472e-02	-4.944072e-01	9.620355e-02	-1.149314e-01	-3.472040e-02	-5.167521e-01	-1.976598e-01	4.133841e-01	5.371714e-01	4.525058e-01	-3.856738e-01	-4.531287e-01	-1.975460e-01	-7.422737e-01	-3.242141e-02	-1.168706e-02	-1.515081e-03	-4.010328e-01	3.949296e-01	4.641768e-01	8.545321e-01	-7.073458e-01	8.395445e-02	7.531444e-01	-1.555887e-01	1.375789e-02	-1.724382e-02	2.979539e-01	-1.580194e-01	-6.945374e-02	-1.259246e-01	-3.769926e-02	-5.654906e-01	4.612187e-01	-1.585598e-01	7.521577e-01	2.292188e-01	-6.524229e-01	4.785084e-02	5.394254e-02	-5.533024e-02	-9.558883e-02	3.197340e-01	-5.035626e-01	-1.204864e-01	-5.176295e-02	4.606923e-02	-3.603902e-01	-2.849425e-02	9.671779e-02	-2.035747e-01	-1.550371e-01	-2.793859e-01	-3.328032e-01	-4.001992e-01	-3.077974e-01	1.917560e-01	1.920287e-01	3.516137e-01	8.898511e-04	1.529648e-01	-1.474490e-01	-2.196560e-01	-2.753106e-01	1.011000e-01	3.633189e-01	-9.447798e-02	4.073671e-01	-3.004962e-01	-7.145966e-01	4.339644e-01	-5.923324e-01	7.305034e-01	5.946183e-01	5.503649e-01	4.294540e-02	1.153327e-01	-5.630760e-02	6.451815e-01	-1.034240e-02	-1.563877e-01	-4.170860e-01	-2.545524e-01	-6.426376e-02	-2.682390e-01	-1.374205e-01	9.634875e-02	4.425108e-01	1.890103e-01	-9.895911e-02	-1.583625e-01	-4.920012e-02	-4.015533e-01	9.059214e-02	-4.784926e-01	2.959285e-01	-4.473363e-01	-2.681076e-01	3.315047e-02	1.997065e-01	-3.103862e-02	-3.899710e-01	2.949532e-01	-2.641098e-01	-3.374019e-01	2.765009e-01	-4.787904e-01	3.452335e-01	-3.209217e-01	2.667084e-01	7.510678e-02	2.876464e-01	1.432773e-01	-1.299711e-01	-1.662107e-02	-6.315627e-01	-4.653203e-01	-2.663563e-01	-2.019901e-01	-3.870710e-02	7.731498e-02	-5.089342e-01	-3.036234e-02	-4.552852e-02	3.043920e-01	-3.542133e-01	2.698346e-01	-2.739902e-01	-1.424291e-01	-1.657048e-01	-1.489004e-02	-1.653907e-02	-7.211201e-03	-4.551260e-01	-2.748274e-01	-5.549263e-01	-2.359818e-01	-2.528207e-01	-5.837398e-01	-6.544746e-02	3.508447e-01	-2.333918e-01	4.747156e-01	3.228758e-01	-1.632833e-01	4.790179e-01	1.038853e-01	6.477887e-01	-3.623062e-02	2.537721e-01	-2.855971e-01	-4.447581e-01	1.624058e-01	5.029878e-01	-6.898981e-01	5.933614e-02	-2.683882e-03	-2.017340e-01	6.751032e-02	9.614796e-04	-6.928166e-02	3.858290e-01	4.081583e-01	9.233668e-02	6.926018e-01	2.781568e-01	1.163122e+00	3.910663e-01	4.705254e-01	-3.538302e-01	5.743691e-01	-1.641386e-01	-5.994629e-01	-6.053785e-03	-5.566067e-01	-2.592248e-01	2.351146e-01	4.407997e-02	-4.280671e-01	6.303641e-01	3.525140e-03	4.941609e-01	2.411220e-01	1.582552e-01	2.681163e-01	-2.842603e-01	2.743190e-01	1.409145e-01	-1.257354e-01	-2.688301e-01	-2.289635e-01	2.602269e-02	7.368730e-02	-3.973495e-01	4.287540e-02	6.475337e-02	-1.612438e-01	2.276845e-02	1.211437e-02	1.534888e-01	-5.968534e-01	5.559167e-01	-1.519824e-01	3.691285e-01	3.131924e-01	-3.396793e-02	-2.054727e-01	-8.807339e-02	2.748663e-01	3.991982e-01	3.396492e-01	-5.693815e-01	4.012883e-01	1.842265e-02	4.023522e-01	6.136576e-02	-3.502438e-01	1.841361e-01	-3.108984e-01	2.483684e-01	-2.016058e-01	4.089593e-02	4.695374e-01	-5.387577e-01	-2.210082e-02	3.300765e-01	2.730145e-01	-1.337729e-01	-9.603654e-02	-7.494246e-01	-2.029801e-01	3.942725e-02	-8.201507e-01	1.062739e-02	2.239011e-01	4.440187e-01	-1.940078e-01	-3.333193e-01	-2.805482e-01	-4.773014e-01	8.996384e-02	-3.614599e-02	-2.982817e-01	-1.575605e-01	7.754309e-01	6.826750e-02	3.315498e-01	-3.615346e-02	2.570171e-01	4.690650e-01	-4.130903e-01	6.577066e-01	3.518890e-01	3.201131e-01	1.466026e-01	3.549576e-01	-4.831551e-02	2.820870e-01	-2.644567e-01	2.459919e-01	4.903400e-03	-3.439243e-01	-2.706206e-01	-3.435778e-01	-1.399861e-01	2.898775e-03	-3.282728e-02	8.069738e-02	-2.705221e-01	1.933878e-01	-2.676161e-01	-7.665120e-02	-3.651704e-02	-1.497939e-01	-7.979803e-02	-3.374192e-01	5.532569e-01	-1.298713e-02	2.429126e-02	-6.537141e-01	1.401221e-01	-1.400120e-01	1.280843e-01	-3.337290e-01	8.136875e-02	-6.196465e-02	-6.081403e-01	3.274560e-01	3.116055e-01	5.014839e-01	1.652788e-02	1.632361e-01	-2.046758e-02	3.572406e-01	-1.454273e-01	1.402072e-01	-5.408292e-02	-2.906070e-01	2.507004e-01	3.219406e-01	-5.155931e-03	-4.770350e-01	-2.830592e-01	4.993505e-01	3.766406e-01	8.894837e-02	-1.821387e-01	-7.756833e-01	-6.009318e-01	-2.024819e-02	-2.038507e-01	8.666428e-02	-1.137004e-02	7.598418e-01	2.480759e-01	-1.658485e-02	-2.017962e-01	1.581479e-01	2.514573e-01	-9.500747e-02	-1.212750e-01	-7.577773e-03	-1.365224e-01	1.241552e-01	3.063669e-01	5.691734e-03	-6.689310e-02	1.470183e-01	-3.452286e-01	-1.490789e-01	9.678481e-02	-1.722398e-01	-1.661136e-01	2.553421e-01	-8.501393e-02	3.470294e-02	-7.197077e-02	-2.809829e-01	-2.887725e-01	2.531664e-01	4.891948e-01	1.079284e-01	2.318100e-01	9.311788e-02	-6.693385e-01	1.138944e-01	-3.828993e-02	3.178622e-02	-2.700974e-01	4.973311e-02	-4.541484e-01	2.494656e-01	-4.202646e-02	-7.906292e-01	2.528767e-01	6.288532e-01	-2.381931e-01	-3.750358e-01	-4.710770e-01	-1.207435e-01	-2.135299e-01	-6.160232e-02	4.420792e-01	-3.127354e-01	-3.574556e-01	7.159613e-01	-6.303751e-01	-2.854303e-01	2.002455e-01	-5.653104e-02	-8.548851e-02	1.181262e-01	-5.852769e-02	4.301017e-01	-2.000846e-01	6.646030e-02	1.399264e-01	-1.922701e-01	2.566972e-01	4.083094e-01	2.178243e-01	8.700342e-02	5.692475e-01	7.952522e-02	-3.502782e-01	5.154056e-02	2.379366e-02	-1.327290e-01	1.105147e-02	-2.000071e-01	4.832575e-01	-6.657044e-03	-1.243943e-02	1.768174e-01	7.237451e-02	2.472052e-01	-2.229945e-01	3.894732e-01	6.203139e-01	-2.930161e-02	-5.307166e-01	9.638767e-02	1.157383e-01	4.803320e-01	-3.355925e-01	2.335898e-01	-1.408816e-01	6.644168e-02	-2.594606e-01	-2.144062e-01	2.268794e-01	-3.074141e-01	1.561122e-01	-3.220766e-01	-1.371222e-03	4.110433e-02	-1.672854e-01	-1.745466e-01	-5.048337e-02	-1.290567e-01	-2.574907e-01	-3.033493e-01	-1.144796e-02	-9.601556e-03	1.930673e-01	-3.145548e-01	4.718258e-01	2.250428e-01	1.578104e-01	3.959891e-01	-9.167208e-03	1.623778e-01	-4.350219e-01	5.517854e-02	-4.074646e-01	-9.176818e-02	-1.967629e-01	-3.292712e-01	9.378570e-02	3.405582e-01	-4.547431e-01	1.202085e-01	-5.900474e-01	-1.879009e-01	1.593949e-01	2.637687e-02	-1.285484e-01	-4.602428e-01	-1.928890e-01	-3.810748e-01	3.110578e-02	-2.753719e-01	-3.952871e-01	-2.140057e-01	5.109812e-01	5.884583e-01	2.621625e-01	2.614020e-02	1.749482e-01	-1.962802e-01	-5.322552e-01	-5.422955e-01	1.499619e-01	-1.984302e-01	-3.432857e-01	9.296404e-02	2.267142e-01	-6.135449e-01	3.029706e-01	3.291906e-02	2.345349e-01	5.884997e-01	3.208496e-01	9.741308e-02	-9.899397e-01	3.786445e-01	2.666395e-01	8.960082e-02	-1.708506e-01	3.088644e-01	-9.113741e-02	7.737704e-02	-5.960236e-01	4.359613e-01	-1.819649e-01	7.097907e-01	3.274960e-01	2.847385e+00	1.819865e-01	3.432560e-01	-1.292915e-01	5.652531e-01	4.692355e-01	-2.088875e-01	-7.659701e-03	-1.809827e-01	1.156162e-01	1.472927e-01	-4.124624e-02	-1.459381e-01	3.539698e-01	-1.391503e-01	2.876464e-01	1.424852e-01	1.075578e-02	6.655316e-02	-2.139718e-01	-1.141519e-01	-6.391557e-01	-4.897696e-01	-6.465027e-02	-2.189123e-01	-1.791294e-01	5.315756e-01	-3.370643e-02	-3.511554e-01	-6.099567e-01	-3.050923e-01	2.317849e-01	-1.911725e-01	2.126034e-01	-3.285905e-01	7.522060e-01	1.470285e-01	2.067402e-01	3.358936e-01	1.410764e-01	-4.572369e-01	-2.010097e-01	7.159062e-02	-2.566701e-01	-7.262870e-01	-1.346937e-01	1.444469e-01	4.764087e-01	-1.292922e-01	-4.835733e-01	-1.910863e-01	3.037316e-01	-1.752046e-01	3.715447e-01	-7.641884e-03	-4.896732e-01	-8.395635e-02	2.368615e-01	2.872566e-01	-5.344917e-01	-1.241884e-01	-6.441535e-01	2.045659e-01	-2.693477e-02	-1.970582e-01	5.325636e-02	-1.129676e-01	5.387644e-01	4.020914e-01	-1.779391e-01	-3.374803e-01	-1.268669e-01	-1.517339e-01	-4.820972e-01	-4.428215e-01	-5.251729e-03	1.779080e-01	-7.397863e-01	-1.945067e-01	9.077640e-02	8.340585e-02	4.740991e-01	-2.933305e-01	-4.890636e-01	-1.120016e-01	1.925526e-01	-2.161521e-01	1.260697e-01	1.806631e-02	7.800040e-01	1.793199e-01	9.069961e-01	-1.352997e-01	4.660654e-02	-1.258411e-01	2.157520e-01	4.912599e-01	-5.666210e-03	-3.178907e-01	5.532031e-02	-8.256238e-01	-6.321649e-02	9.908955e-03	1.287417e-01	-4.015142e-01	3.760667e-01	-4.140529e-01	-4.354191e-01	9.112060e-02	2.078584e-01	-1.719095e-01	3.705674e-01	-8.004896e-02	-6.086885e-01	-4.716191e-01	-3.418720e-01	-2.514978e-01	-2.304893e-02	-2.733413e-02	1.264100e-01	-3.833885e-01	5.590221e-01	-4.878646e-02	4.368539e-01	3.465597e-01	6.774357e-02	1.050107e-01	5.296878e-02	-9.782108e-02	3.404885e-01	-3.117087e-01	-3.878205e-01	7.174381e-02	5.918353e-01	2.310267e-01	2.449118e-01	4.121951e-02	-3.367894e-01	-8.313997e-02	-3.378698e-01	-1.205248e-01	2.701408e-01	-1.029789e-01	2.558180e-01	3.509609e-02	4.527821e-01	-1.608504e-01	4.364085e-01	-3.467034e-02	3.446034e-01	2.341780e-02	-4.413534e-01	-4.718860e-02	-1.990875e-01	-1.367379e-01	-1.776968e-01	-1.127427e-01	-2.914628e-01	-1.969963e-01	2.413094e-01	-1.202712e-01	-3.330888e-01	-1.538954e-01	-2.313112e-01	2.899147e-02	-7.562672e-01	4.183272e-01	6.827194e-02	2.606993e-01	-3.854457e-01	-8.424635e-03	-2.387502e-01	2.322091e-01	-1.442918e-01	2.606337e-02	-6.903829e-02	5.984540e-02	-1.907099e-01	-6.177958e-01	-3.229248e-01	-1.673362e-01	-5.405326e-01	6.836767e-02	5.318300e-01	2.428554e-01	-4.267647e-01	-1.078075e-01	-1.181025e-01	9.310576e-02	5.985765e-01	-4.519509e-02	-1.138054e-01	2.657280e-01	-2.551526e-01	-2.020433e-01	-4.956420e-01	7.060837e-01	1.536906e-01	2.739707e-01	1.595778e+00	-2.610604e-01	6.470784e-02	3.440009e-01	-2.771479e-01	-7.579507e-02	2.859932e-01	-8.234159e-01	-3.712270e-01	4.025412e-01	-2.099117e-01	2.117685e-01	3.252640e-01	5.303136e-01	-5.531876e-02	-3.982971e-01	-1.333655e-01	-4.376612e-01	-2.221590e-01	1.543561e-01	3.555719e-02	-3.572449e-01	7.637119e-01	-1.040046e-01	5.376081e-01	1.391994e-01	3.146041e-02	8.189338e-01	-1.541418e-01	-2.230911e-01	-4.252237e-01	-5.157229e-02	-8.799608e-01	-5.168874e+00	4.602378e-02	-2.293367e-01	-2.493980e-01	2.243387e-01	-2.390210e-01	2.904014e-01	5.030289e-02	3.330598e-01	7.080741e-02	2.773203e-02	-2.431714e-01	9.710510e-02	-3.558082e-01	-1.532163e-01	2.675053e-01	-1.697289e-01	9.940050e-01	-2.465067e-01	6.934352e-01	-9.875655e-02	1.239676e-01	-5.198240e-01	-1.603454e-01	-8.256201e-02	1.515407e-01	3.835551e-02	-7.177314e-01	-1.724907e-01	-1.760824e-01	-4.772463e-01	2.895636e-03	-1.939912e+01	8.235799e-01	-1.391610e-01	3.717058e-01	7.236921e-01	-5.101804e-01	3.453104e-01	-9.661586e-01	7.206583e-02	-2.628621e-01	-5.496231e-01	-2.320430e-01	2.419157e-01	-2.230084e-01	5.912324e-01	-3.418920e-01	-2.673591e-02	-1.495256e-01	-4.952625e-01	-5.424772e-02	-7.376719e-02	4.886425e-02	-5.779440e-01	-1.756462e-02	4.383644e-01	5.726135e-01	4.121705e-01	-5.382066e-01	-7.212762e-01	-1.740070e-01	-5.421576e-01	3.397266e-02	9.419731e-02	-3.561312e-02	-2.658191e-01	4.101297e-01	4.281550e-01	7.463850e-01	-7.951640e-01	2.126962e-01	5.220467e-01	-8.600090e-02	-1.174232e-01	2.987239e-02	2.582212e-01	-2.216088e-01	-6.984840e-02	-7.197379e-02	4.416189e-02	-6.747495e-01	2.803452e-01	3.514084e-03	5.576403e-01	1.931678e-01	-5.646521e-01	-8.988110e-02	1.842345e-02	-1.567496e-01	-9.878393e-02	1.597950e-01	-4.935917e-01	-4.703401e-02	-8.935919e-02	2.424792e-01	-5.123057e-01	2.631040e-02	1.611510e-01	-2.049788e-01	-2.086622e-01	-1.930265e-01	-3.537706e-01	-2.884649e-01	-3.096735e-01	1.099085e-02	8.153325e-02	3.721333e-01	-7.443228e-02	2.911833e-01	-2.177254e-01	-2.775776e-01	-2.645822e-01	4.146831e-02	3.196698e-01	4.166549e-02	3.771637e-01	-2.881313e-01	-6.494122e-01	4.388154e-01	-6.502081e-01	4.946359e-01	4.699692e-01	3.708599e-01	-6.565358e-02	2.481892e-01	-2.214708e-02	3.266260e-01	-5.426445e-03	-2.875591e-01	-3.474435e-01	-3.054790e-01	1.377597e-01	-1.033686e-01	-2.682265e-01	1.403821e-01	4.137638e-01	1.837967e-01	1.305490e-01	7.785350e-03	-2.374355e-02	-1.927853e-01	3.090223e-01	-3.890032e-01	2.821608e-01	-3.455162e-01	-1.667981e-01	-1.452945e-01	1.582719e-01	6.554729e-02	-2.944286e-01	6.071021e-01	-2.453847e-01	-5.238635e-01	2.386281e-01	-5.738733e-01	2.402850e-01	-3.988996e-01	2.495832e-01	-7.566030e-02	2.183305e-01	2.793370e-01	-2.499275e-01	-1.020196e-01	-5.523646e-01	-4.724421e-01	-1.459164e-01	-2.834409e-01	4.599702e-01	2.291981e-01	-5.357381e-01	1.052238e-01	-1.353423e-01	3.370315e-01	-2.998511e-01	2.006370e-01	-3.514872e-01	-1.139190e-01	-1.289789e-01	7.742025e-02	3.707787e-02	4.938404e-02	-5.731903e-01	-4.390146e-01	-4.243448e-01	-5.396644e-02	-4.020651e-01	-7.408885e-01	-5.135577e-02	3.967220e-01	-2.633142e-01	3.925499e-01	3.862393e-01	-2.026908e-01	5.332866e-01	-1.088400e-01	6.597439e-01	-1.068380e-01	4.443849e-01	-2.975241e-01	-4.763284e-01	6.257340e-02	5.455388e-01	-7.072572e-01	2.895175e-01	-2.469895e-03	-2.271742e-01	1.205773e-01	-7.718752e-02	-1.229559e-02	3.697771e-01	2.631497e-01	-1.171540e-01	5.202240e-01	1.792560e-01	1.067824e+00	5.047818e-01	3.795371e-01	-3.238900e-01	5.224337e-01	-3.607150e-01	-5.783148e-01	1.126640e-02	-4.706795e-01	-3.515254e-01	2.154109e-01	-2.616562e-02	-4.869684e-01	8.637303e-01	6.144401e-02	3.805314e-01	5.134467e-01	8.134132e-02	4.115129e-01	-3.051369e-01	1.985138e-01	7.724215e-02	-3.715750e-02	-4.593251e-01	-2.478601e-01	9.489800e-02	1.779691e-01	-4.549525e-01	1.273968e-01	1.457263e-01	-1.742304e-01	9.868716e-02	1.124704e-01	2.465239e-03	-6.854733e-01	5.570556e-01	-5.475471e-02	3.782478e-01	1.464363e-01	-4.202551e-01	-9.727894e-02	-1.212952e-02	3.077639e-01	3.531558e-01	1.899687e-01	-6.092721e-01	4.334048e-01	2.639697e-02	3.684132e-01	1.292630e-01	-4.408267e-01	2.423734e-01	-3.716392e-01	3.373138e-01	-1.974273e-01	4.421299e-02	5.177473e-01	-5.365722e-01	-4.990768e-02	3.832380e-01	1.482690e-01	-1.820505e-01	-1.341747e-01	-8.269938e-01	-2.074885e-01	9.766415e-02	-6.982291e-01	1.922713e-01	2.446338e-01	3.192923e-01	-1.155158e-01	-3.997107e-01	-2.987271e-01	-3.766656e-01	3.048446e-02	-9.725912e-02	-4.770366e-01	-1.648339e-02	7.311853e-01	6.373686e-02	1.573455e-01	-2.111982e-01	3.699907e-01	4.559363e-01	-4.711103e-01	7.026341e-01	2.657573e-01	2.285867e-01	3.656382e-02	3.555216e-01	-1.663676e-01	3.513571e-01	-1.760796e-01	2.879964e-01	1.543125e-01	-3.474750e-01	-3.845822e-01	-2.690359e-01	-2.434452e-01	2.218718e-01	-1.081834e-01	-2.904341e-02	-7.783479e-02	2.546781e-01	-7.115249e-02	-2.759510e-02	-1.172884e-01	-2.782446e-01	-1.646952e-01	-2.629819e-01	5.429097e-01	-1.086532e-01	2.393793e-01	-4.113665e-01	8.016317e-02	-2.498145e-01	3.093961e-01	-4.937246e-01	1.503843e-01	1.134699e-01	-3.326640e-01	2.281159e-01	4.140658e-01	5.138201e-01	-2.355808e-01	1.333367e-02	-1.109328e-01	2.857693e-01	-1.549228e-01	1.798516e-01	5.804563e-02	-4.234742e-01	1.588673e-01	3.774845e-01	1.678494e-01	-5.997135e-01	-4.962753e-01	4.458149e-01	2.571674e-01	5.020947e-01	-1.411192e-01	-7.905342e-01	-5.720249e-01	-8.300205e-02	-2.669217e-02	-3.568433e-02	1.800310e-01	6.093243e-01	3.623599e-01	2.253622e-01	-1.495108e-01	8.341821e-02	2.108290e-01	-3.701136e-02	9.224137e-02	1.085512e-02	-2.342139e-01	2.665036e-01	7.178393e-02	-5.069479e-02	2.693389e-01	2.361272e-01	-2.248805e-01	-5.101051e-02	1.821489e-01	-4.119206e-01	-2.943220e-01	1.935613e-01	-2.028633e-01	-1.158780e-01	-7.467075e-02	-2.963695e-01	-3.815159e-01	2.816404e-01	3.169992e-01	1.941139e-01	4.455788e-01	1.813792e-01	-6.049930e-01	-8.869784e-02	-1.841728e-01	1.383832e-02	-1.820934e-01	1.893699e-01	-4.921843e-01	2.299127e-01	1.277922e-02	-8.635569e-01	1.896339e-01	5.015015e-01	-2.723962e-01	-3.778098e-01	-2.619598e-01	2.108755e-01	-2.460984e-01	2.654023e-03	4.093971e-01	-2.565828e-01	-1.470832e-01	5.958310e-01	-6.920577e-01	-2.082971e-01	1.819210e-01	1.685125e-01	-1.702656e-01	5.345611e-02	-1.356529e-01	3.812105e-01	-2.690328e-01	-9.129592e-02	6.480837e-02	-1.662728e-01	3.604798e-01	5.767486e-01	2.053768e-01	1.962060e-01	4.277419e-01	3.049465e-02	-2.799049e-01	-5.525663e-03	-4.640236e-03	-3.756341e-01	4.123196e-02	3.771319e-03	4.400800e-01	1.314803e-01	1.900542e-01	1.480670e-02	5.531880e-02	-8.201172e-02	-1.251636e-01	3.921449e-01	5.755619e-01	9.218910e-02	-4.299751e-01	3.937265e-02	1.141384e-01	4.421290e-01	-3.446394e-01	1.206651e-01	-1.613087e-01	2.935894e-01	-1.492768e-01	-2.965600e-01	4.510028e-01	-1.463319e-01	9.961216e-02	-3.640029e-01	-1.071069e-02	6.227513e-03	-2.084802e-01	-1.479950e-01	-7.861648e-02	1.537603e-02	-2.504883e-01	-4.083242e-01	1.666703e-02	-2.242847e-01	5.634491e-02	-3.633607e-01	3.355379e-01	3.489211e-01	9.568698e-02	5.609802e-01	-2.894803e-01	5.908471e-02	-4.746474e-01	6.454979e-03	-3.684741e-01	-4.503366e-02	-3.666252e-01	-5.292614e-01	1.661509e-01	2.661618e-01	-5.538033e-01	1.367658e-01	-5.371968e-01	-1.995571e-02	2.843346e-01	2.075248e-01	-1.181831e-01	-4.973854e-01	-1.269691e-01	-1.359265e-01	7.002290e-02	-2.540172e-01	-1.853924e-01	-1.056556e-01	6.566373e-01	4.762993e-01	2.664351e-01	2.246654e-01	1.438550e-01	-2.552476e-01	-6.208304e-01	-2.338649e-01	2.010952e-01	5.605107e-02	-2.695341e-01	1.870889e-01	3.005615e-02	-6.380076e-01	2.709677e-01	8.536676e-02	2.774688e-01	7.304649e-01	-1.358656e-03	2.337939e-01	-7.577645e-01	2.587063e-01	9.230355e-02	2.184263e-01	2.873353e-02	1.827289e-01	-8.700655e-02	2.134091e-01	-6.551928e-01	4.661290e-01	-1.794160e-01	5.377012e-01	4.044291e-01	3.020749e+00	1.691749e-01	4.949133e-01	-2.141307e-01	6.291687e-01	5.105745e-01	-3.583173e-01	1.677851e-01	-2.200722e-02	6.032977e-02	1.374570e-01	-9.629585e-02	-2.256192e-01	5.063850e-01	-3.130959e-01	3.026113e-01	1.261395e-01	1.405529e-01	9.681821e-02	2.935565e-02	-7.188345e-02	-4.957826e-01	-4.909069e-01	-8.612837e-02	-1.744763e-01	-2.903118e-02	5.728365e-01	-1.872182e-02	-4.847795e-01	-6.091917e-01	-2.214559e-01	1.665208e-01	-2.313161e-01	1.151623e-01	-2.412186e-01	6.128685e-01	2.738252e-01	
5.128206e-02	-2.244418e-01	5.437678e-01	1.183397e-01	2.609464e-01	2.293520e-01	-2.893063e-01	1.225571e-01	-6.727376e-02	2.200804e-01	6.435797e-02	4.649991e-01	1.426744e-01	3.373547e-02	1.370578e-01	-2.571170e-01	6.276513e-01	-6.456262e-01	-1.938919e-01	7.756196e-02	4.767786e-02	-8.422296e-03	1.985112e-01	-1.740840e-02	-2.260467e-01	7.199050e-01	-1.969339e-01	6.264828e-02	-1.059088e-01	-6.388000e-01	6.407750e-02	4.264365e-01	-3.815124e-01	6.602062e-01	-3.817398e-02	-3.599065e-03	-4.260171e-02	2.592342e-01	3.704484e-01	-4.703903e-01	-3.922132e-01	-1.115631e-01	-3.541658e-02	-3.143902e-03	1.660674e-01	-4.793300e-01	3.089901e-01	6.652763e-02	-1.499532e-01	6.392673e-01	-2.182876e-02	-8.667956e-02	1.995458e-02	1.838498e-01	2.601793e-02	4.852358e-01	1.226383e-01	-2.323637e-01	-7.003472e-02	3.085663e-03	8.735911e-02	1.339834e-01	-1.813402e-01	-4.722372e-01	4.410263e-02	2.458792e-01	-1.086201e-01	-1.331787e-01	1.473449e-01	6.582012e-01	-2.487299e-01	7.014932e-02	4.942734e-01	-7.694161e-03	-3.504800e-01	8.101158e-01	-5.125791e-02	-1.460052e-02	-7.305477e-01	-3.244475e-01	5.852677e-01	4.596137e-01	9.670559e-02	-9.763720e-02	8.525568e-02	6.443101e-01	1.820226e-01	3.246490e-01	1.078152e+00	-7.261845e-01	-8.814435e-02	-1.150193e-01	1.226035e+00	2.005727e-01	-3.388603e-01	7.069808e-01	1.880727e-01	6.501836e-01	2.368412e-01	1.626904e-01	-3.581201e-01	-1.959731e-01	3.024748e-01	-2.886544e-02	2.640302e-01	-1.673479e-01	1.186398e-01	2.060910e-01	5.846310e-02	7.291307e-01	6.639555e-02	4.129125e-02	1.683800e-01	-3.426213e-01	4.385287e-01	-2.827699e-01	4.045864e-02	3.426957e-01	7.731797e-01	-2.106949e-01	5.693785e-02	6.374290e-02	-2.295259e-01	1.471053e-01	-1.043302e-01	-1.804829e-01	-1.778347e-01	1.946238e-01	-8.699763e-02	1.568014e-01	-1.942078e-01	-9.616631e-02	2.803742e-01	2.623207e-01	2.363671e-01	7.356070e-02	2.887972e-02	-2.165376e-01	-1.594419e-01	4.969680e-01	-7.075737e-02	1.002024e-01	-6.143290e-01	-1.188362e-01	-2.075661e-01	-2.268227e-01	-6.150954e-01	4.770169e-01	-3.828872e-01	-4.621847e-01	-2.902574e-01	4.491767e-01	4.645406e-01	-1.719534e-02	-2.040139e-02	2.086118e-01	6.204480e-01	-2.485286e-03	-2.150643e-01	4.187563e-01	-2.021338e-01	2.852441e-01	-7.078927e-01	2.786505e-02	-2.437611e-01	-2.654743e-01	-3.745214e-02	-2.167319e-01	-2.106859e-01	2.728854e-01	-1.707811e-01	3.612528e-02	-2.911547e-01	1.931424e-01	3.136524e-01	2.226727e-01	2.351786e-02	9.175420e-02	-1.295400e-01	-6.959388e-01	-5.193848e-01	6.323755e-02	-1.208316e-01	-1.597997e-01	1.887239e-02	1.796948e-01	2.481467e-01	-1.810046e-01	-6.336752e-02	1.870343e-01	-3.273325e-02	-3.414511e-01	-4.768682e-01	4.227505e-01	-1.271012e-01	6.832477e-01	-3.395516e-01	2.375998e-01	-1.339487e-01	1.583654e-01	-6.772125e-01	-2.212900e-01	6.075438e-02	2.249691e-01	4.859442e-02	4.659188e-01	-5.647456e-02	1.248211e-01	-1.469517e-01	9.265664e-01	-1.747178e-01	2.106937e-02	4.282092e-01	-3.241537e-02	4.389632e-01	9.347647e-02	6.599307e-02	-2.964654e-01	1.427045e-01	-5.454256e-02	-6.135165e-02	1.273076e-02	-2.128626e-01	-2.560599e-01	-1.995180e-01	-2.017209e-01	6.838598e-02	2.126774e-01	-9.403245e-02	-2.516783e-01	-5.278177e-01	-3.785919e-01	-2.790598e-01	4.283977e-01	-1.505919e-01	3.064947e-01	3.716095e-01	-1.548805e-01	-2.536701e-01	1.370027e-01	-1.016014e-01	2.352934e-01	-3.033612e-02	-1.232410e-02	8.328685e-02	-5.923069e-02	-1.933294e-01	-6.674958e-01	1.436496e-01	1.445483e-01	-3.111897e-01	2.559194e-01	-4.410796e-02	-4.066019e-01	-2.944900e-01	2.393220e-01	-7.130349e-02	-1.313453e-02	1.214125e-01	-3.434377e-01	9.780021e-02	-5.816644e-01	-2.406139e-01	2.739327e-01	2.484553e-01	2.025082e-01	-8.283894e-02	1.426205e-01	-7.982604e-02	2.670819e-01	-3.129182e-01	4.796466e-01	3.852728e-01	8.333925e-03	-5.669648e-02	7.313462e-02	1.176437e-02	-3.542152e-01	-4.302049e-01	4.386691e-02	-2.061939e-02	-4.804768e-01	-2.201937e-01	-5.878064e-02	-4.708305e-01	-7.466166e-02	1.917197e-01	-2.744980e-01	2.394086e-01	-1.174516e-01	-4.767912e-01	-4.598110e-01	2.399994e-01	3.073697e-01	-1.585044e-01	-5.077386e-01	-4.898401e-01	-8.200986e-02	-1.345581e-01	-1.589275e-01	2.949838e-01	5.124933e-01	-2.058256e-01	6.995264e-02	-2.820761e-01	3.976138e-02	-4.246879e-01	-5.087594e-01	7.883273e-01	2.443070e-01	-4.856155e-01	3.408844e-01	-7.471799e-01	3.032437e-01	3.355308e-01	-8.561799e-02	1.434091e-01	1.863206e-02	-2.525006e-01	1.753596e-01	-1.942457e-01	4.824178e-02	4.019254e-01	-2.668371e-02	-6.244714e-01	1.446633e-01	8.254902e-02	-5.390240e-01	2.087932e-02	2.121679e-01	-1.233098e-01	1.727548e+00	-7.840451e-02	-4.614770e-01	9.615520e-02	1.649676e-02	5.242308e-02	1.588789e-01	-5.253847e-01	-3.068154e-01	-5.323498e-02	-1.505570e-01	7.095749e-01	-2.804006e-01	3.004741e-01	-5.734224e-02	-3.937777e-01	1.066087e+00	-2.264663e-01	-5.859572e-01	2.365108e-01	3.186703e-01	2.678676e-01	1.558215e-01	-1.628264e-01	2.954181e-01	-6.354077e-01	-2.191555e-02	4.066242e-01	-2.160288e-01	-3.120634e-02	3.866542e-01	-6.955580e-02	-6.540617e-02	-5.253167e-01	4.710960e-01	-8.439191e-02	-3.017006e-01	2.897699e-01	9.601518e-01	1.545378e-01	7.216011e-01	-2.124341e-01	-5.366420e-01	1.833329e-01	-3.950224e-02	4.553818e-02	-6.578922e-01	1.002486e+00	-3.795621e-02	-2.209228e-02	-2.347369e-01	-1.895787e-01	-3.651077e-01	2.329924e-01	1.152359e-01	4.777521e-01	-8.765934e-02	5.242663e-01	1.350134e-01	-1.272476e-02	3.318872e-01	-1.555348e-01	-4.917100e-02	-3.714042e-03	3.578382e-01	2.040724e-01	8.723620e-02	-4.397361e-01	-3.398735e-02	2.424224e-02	1.941157e-01	1.997256e-01	1.765407e-01	6.704320e-02	6.503209e-01	5.355574e-01	3.962756e-02	3.307219e-01	2.947063e-01	3.621192e-01	6.085075e-01	1.410228e-01	-1.187710e-01	2.332175e-01	4.805289e-01	-8.686140e-01	-3.770475e-02	2.399948e-01	3.112591e-01	-5.953696e-02	-8.135416e-02	-1.162848e-01	-1.441668e+00	-2.572019e-01	-9.712386e-02	2.270733e-01	-3.086312e-01	-5.836261e-01	-1.213669e-01	-3.513098e-01	-1.718678e-01	9.131567e-02	-3.846432e-01	-1.642219e-01	-1.620226e-01	1.232313e-01	-1.687107e-01	-2.055563e-01	-3.030825e-01	1.284418e-01	-3.001017e-01	-5.650051e-02	1.688459e-01	-2.205510e-01	9.152456e-02	-5.555455e-01	-3.780137e-01	8.054034e-02	7.297449e-01	1.063399e-01	-3.368235e-01	-3.210454e-03	-2.457140e-01	-1.237836e-01	-1.224505e-03	-3.492795e-01	-2.813985e-01	-1.965484e-01	-5.758570e-01	-2.949034e-01	3.647777e-01	3.622928e-01	-6.390454e-02	-8.538641e-02	5.210527e-02	-1.598178e-01	-2.004474e-01	1.980963e-01	4.500306e-01	-4.346880e-01	9.139730e-02	-2.466076e-01	-1.547456e-01	2.457186e-01	-2.006767e-01	-4.474516e-02	-4.955381e-01	3.926467e-01	-1.321740e-01	4.914074e-02	1.386240e-04	7.941062e-01	-1.804342e-01	-3.868139e-02	-9.486753e-02	3.452778e-01	-4.953483e-02	6.482452e-01	2.323025e-02	4.658800e-01	-1.304973e-02	-2.376591e-01	-5.603257e-01	1.710425e-01	1.390953e-01	-3.055642e-01	-2.050827e-01	4.950046e-01	5.685993e-01	9.662087e-02	2.474755e-01	3.588181e-02	-8.788197e-02	-1.925447e-01	-1.528501e-01	-1.786189e-01	1.701604e-02	-3.750226e-01	-3.240456e-01	-1.977032e-01	-1.025386e+00	-2.040439e-01	2.536424e-01	-5.203027e-02	1.682812e-01	1.920037e-01	-2.075337e-01	5.174211e-02	2.094487e-01	-1.359166e-01	-1.419418e-01	2.633227e-01	-3.504940e-01	2.397392e-01	-9.291584e-01	-4.035522e-01	-1.786121e-01	1.699395e-02	-1.953235e-02	-2.205571e-01	3.755452e-02	-1.733981e-02	3.824580e-01	9.489974e-02	8.938853e-01	-1.707714e-01	3.949343e-01	2.591622e-01	1.945367e-01	4.462384e-02	-1.949819e-01	1.710685e-01	5.186579e-01	-5.342575e-02	-2.388149e-01	-2.467847e-01	6.501148e-01	2.062349e-01	-1.713889e-01	-1.957056e-01	-2.751474e-02	1.924363e-01	1.342848e-01	4.445444e-02	3.308434e-01	8.215962e-02	-2.337466e-01	5.530108e-01	1.131253e-01	-2.928180e-01	-4.050849e-02	1.893426e-01	-6.799743e-02	2.071524e-01	4.990501e-02	-4.775845e-01	8.247177e-02	-1.702722e-02	3.946489e-01	-1.104283e-01	4.911784e-01	6.186319e-03	3.028614e-02	-1.234866e-01	2.483318e-01	1.365526e-01	6.451006e-02	-2.065347e-01	2.844656e-01	-2.527099e-01	-3.051159e-01	-1.621670e-01	-1.045474e-01	1.664701e-01	-1.980522e-01	-8.680243e-02	2.839210e-01	-1.075592e-01	-2.301267e-01	2.350463e-01	1.453258e-01	-7.274078e-01	-3.864178e-01	-3.192898e-03	-2.376503e-01	6.673743e-02	-4.245217e-01	8.475952e-02	4.260949e-03	2.900700e-01	-4.979761e-01	-3.816417e-01	-3.222227e-01	-4.330642e-01	1.800051e-01	5.183219e-02	-4.104331e-01	-4.737803e-01	-4.777129e-01	9.313886e-02	-1.742074e-01	-1.492188e-01	-1.578636e-01	-1.509466e-01	-3.442370e-01	-2.216994e-01	4.358252e-01	8.512224e-02	4.222806e-01	1.594960e-01	-1.241247e-01	5.794254e-01	-2.610770e-02	3.676342e-01	2.776104e-01	2.719911e-01	5.036272e-02	-3.043951e-03	-9.426369e-02	2.932867e-02	-1.273786e-01	8.383221e-02	-1.721019e-01	-8.319592e-02	2.958708e-01	-5.019948e-01	2.242109e-01	-2.546219e-02	1.860496e-01	-5.481907e-02	2.614541e-01	2.147757e-01	-4.515937e-01	4.311079e-03	2.951084e-01	-2.949334e-01	6.394655e-01	-3.936208e-02	-2.292662e-01	6.430407e-01	-1.351848e-01	3.982737e-01	-1.386392e-01	7.765137e-04	1.752753e-01	8.187796e-02	4.527441e-03	-2.109078e-01	5.153170e-01	2.026216e-01	4.906321e-01	4.625699e-02	-5.551165e-01	-3.374506e-01	1.427364e-01	-3.756463e-01	-1.265685e-01	4.499840e-01	-8.173575e-02	-3.264177e-01	2.161461e-01	1.190876e-01	-1.306899e-01	3.821893e-01	1.855581e-01	6.235660e-02	1.565795e-01	5.882436e-03	8.747203e-02	-2.476709e-01	-1.461155e-01	8.851664e-02	9.738155e-03	-3.124537e-01	1.366914e-01	-7.065672e-02	-1.958877e-01	-5.300374e-02	-9.154282e-02	-5.635923e-03	1.430584e-01	5.367427e-02	-1.900758e-02	-6.952888e-01	-6.699567e-02	1.992172e-01	7.575287e-02	4.794489e-01	2.447411e-01	1.598459e-01	-5.140826e-01	-9.765615e-02	-3.673289e-01	-6.799371e-01	-5.745731e-01	-2.244380e-01	-4.707876e-01	-1.769189e-02	4.061148e-01	2.560310e-01	-3.245639e-01	-9.893527e-03	-5.497682e-02	8.104415e-02	-9.751280e-02	1.740484e-02	-5.219169e-01	-2.801489e-01	4.070851e-01	3.506574e-01	1.904664e-01	-6.926385e-01	6.124340e-02	4.180828e-02	7.565540e-02	1.537173e-01	-1.740612e-03	-1.748652e-02	-2.135912e-01	-1.079629e-01	-1.445410e+00	3.298358e-02	-6.451266e-02	3.363054e-01	8.452209e-02	1.933380e-01	5.008784e-01	1.786607e-01	1.607367e-01	1.485024e-01	-2.790435e-01	-3.512222e-01	-1.726665e-01	-1.950171e-02	2.580872e-01	4.509602e-01	9.527193e-02	4.274605e-01	-5.219945e-01	-4.180813e-01	-3.063922e-02	-3.926738e-01	-6.081895e-02	-6.086352e-02	1.449010e-01	-6.073622e-01	4.989807e-01	5.405886e-02	1.894820e-01	-3.853895e-01	-8.584117e-01	-4.487079e-02	-6.686503e-01	-6.758617e-02	-9.336062e-02	9.927566e-02	-2.884389e-02	2.707583e-02	1.456179e-02	1.228929e-01	1.388038e-01	6.358476e-02	2.173245e-01	-4.383704e-01	-1.031409e-01	-2.273083e-01	-6.489606e-02	1.974657e-01	2.502686e-01	-1.275963e-02	-3.445851e-01	-3.623638e-02	-1.799625e-01	1.060003e-01	-3.569248e-01	2.471684e-01	-5.131990e-01	1.884135e-01	5.448489e-01	-4.032629e-01	-1.950960e-01	-6.314427e-01	3.078317e-01	-1.022760e-01	-2.223901e-01	-3.191826e-01	-1.500967e-01	3.266350e-01	7.888612e-01	-5.170599e-01	6.570719e-01	-1.568328e-01	5.704879e-02	-3.859722e-02	-1.412847e-01	1.216488e-01	-3.603469e-01	-7.562159e-01	1.531372e-01	-1.107843e-01	2.553182e-01	4.819654e-01	-6.302230e-01	2.054832e-01	3.036418e-01	-4.030414e-01	5.246142e-01	2.221026e-01	1.067762e-01	3.518715e-01	1.302259e-01	-2.041272e-01	4.590974e-01	-1.079017e-01	-5.531366e-01	-2.794979e-01	-8.085246e-02	1.829266e-01	8.486293e-02	-1.014018e+00	-1.016083e+00	4.961125e-01	2.494228e-01	3.993177e-01	-4.961208e-01	9.898175e-02	-8.993714e-02	-3.171011e-01	3.355131e-01	3.818797e-01	-3.530330e-01	-2.022166e-01	1.550369e-01	-4.050147e-01	9.011214e-02	-1.286893e-01	8.171201e-02	3.730932e-01	2.558221e-01	1.046485e-01	-5.956451e-01	5.050546e-01	6.893384e-01	1.008577e-01	5.917451e-02	7.077070e-01	-6.400253e-01	5.944321e-02	-1.845387e-02	1.019939e+00	-1.576355e-01	-3.406375e-01	1.365782e-01	2.838742e-01	7.926161e-01	-9.536764e-02	2.072053e-03	-2.824109e-01	-7.791472e-01	-3.158756e-01	-3.615072e-01	-3.308969e-01	-1.869115e-02	6.122192e-02	6.913342e-02	2.840078e-01	5.383372e-01	-1.070769e-01	2.652946e-01	4.410301e-01	-6.352585e-01	2.576473e-01	-2.062327e-01	-1.520375e-01	-2.209064e-01	3.712829e-01	-4.659676e-01	1.529707e-01	-2.464540e-01	6.805839e-02	-8.105560e-02	-1.532477e-01	-3.607868e-02	-2.676027e-01	2.825628e-01	-9.265006e-01	1.588639e-01	8.721606e-02	-2.650216e-01	3.547729e-01	4.794519e-01	-3.643748e-01	6.145461e-02	-2.185551e-01	-2.755717e-01	-6.724842e-02	9.940555e-03	-5.036047e-01	-8.391635e-02	-5.161133e-01	1.685919e-01	-2.583922e-01	-5.860268e-01	-6.626080e-01	-1.934545e-01	-4.017220e-01	-6.375538e-01	-5.347053e-01	4.388705e-01	-7.213845e-02	3.823243e-02	7.846602e-01	-2.422032e-02	3.782816e-01	-2.195319e-01	-4.141471e-01	2.376416e-01	-5.173427e-01	4.356929e-01	1.630578e+00	-6.650971e-01	6.564810e-03	-2.976441e-01	-1.744499e-01	-3.032733e-01	-2.495100e-01	3.859700e-02	-2.458189e-01	-4.540271e-02	1.021558e-01	-1.058974e-01	4.618565e-01	3.307488e-01	-1.325275e-01	-3.252337e-02	-3.236532e-05	-6.215788e-01	-1.619981e-01	-6.216021e-01	-1.181797e-01	-2.736894e-01	-1.874358e-01	4.607461e-01	2.517467e-01	-2.681670e-02	-1.404064e-01	8.675326e-01	-4.102842e-01	-5.905263e-01	-7.884281e-01	9.097711e-01	-5.512191e-01	5.325558e-01	-3.592547e-01	-2.595843e-01	-4.248176e-01	3.453481e-01	-1.917738e-01	-6.423010e-02	-5.243693e-02	1.814687e-02	1.920645e-01	5.152280e-01	-3.672243e-01	3.643528e-01	-1.055673e-01	3.681427e-01	-1.179644e-01	1.046094e-01	1.638208e+00	-4.674789e-01	2.363922e-01	1.294170e-01	-1.034845e-01	-7.773626e-01	-5.482888e-01	-5.144789e-01	-7.474071e-01	3.322385e-01	-5.789988e-01	2.451650e-02	-6.528381e-02	-5.824413e-01	3.818977e-01	-3.006906e+01	7.892449e-02	8.571348e-02	-3.905764e-01	-1.303696e-01	-2.964398e-01	2.653753e-01	-9.330500e-01	4.510663e-01	3.783838e-01	-5.077305e-01	-8.906590e-02	6.992640e-02	2.545974e-01	1.874316e-01	-1.693263e-01	-1.376582e-01	-6.022895e-01	-2.588655e-01	2.120577e-01	-8.317726e-01	-1.108084e-01	2.303422e-01	-3.231251e-01	6.498066e-01	-1.184403e-01	-3.677530e-02	-2.698352e-01	5.087373e-02	-3.800640e-01	-2.812770e-02	-2.415324e-01	-3.198226e-01	-6.723786e-02	9.056514e-02	1.831865e-01	4.134091e-01	5.976325e-01	-1.076097e-02	-1.382547e-01	-1.380677e-01	1.560749e-01	4.571931e-01	-5.733927e-01	6.078495e-01	3.885180e-01	-6.517886e-03	-1.139668e-01	-2.879950e-01	-7.205726e-01	-6.297908e-02	-2.285115e-01	3.731492e-01	1.027242e-01	-3.020455e-01	1.477416e-01	-1.804923e-01	-2.609033e-02	2.641668e-01	1.918379e-01	1.305422e-01	-9.474698e-03	-1.667758e-01	-4.763475e-01	-1.669956e-01	-1.158913e-01	1.064907e-01	-3.666489e-01	-2.590326e-01	9.216673e-02	-1.527419e-01	-5.042140e-01	-5.543475e-01	1.630959e-01	5.740432e-01	2.150123e-01	1.967602e-01	-1.257887e-01	-3.390343e-01	-5.585889e-01	-3.015434e-01	1.858374e-01	3.601066e-01	-1.669073e-01	5.367597e-02	-7.110804e-01	-1.262868e+00	2.787746e-01	-4.186577e-01	2.588418e-01	-3.287184e-02	5.500966e-01	3.134479e-01	1.125855e-02	-5.803294e-02	6.137654e-01	-2.174383e-01	-9.999798e-01	-2.115705e-01	-2.762091e-01	-6.593209e-01	-2.813058e-01	7.788415e-02	1.373376e-01	8.099777e-01	-5.238489e-02	-4.155069e-01	1.039128e-01	2.597376e-01	-8.607519e-02	8.485460e-02	-5.817624e-01	3.098145e-01	-3.265083e-01	-2.792286e-01	2.983363e-01	9.362881e-02	1.753323e-01	3.012123e-02	-2.118572e-01	-4.439620e-01	6.750806e-03	-1.727843e-01	2.907290e-01	2.498186e-01	-6.787886e-02	5.686779e-02	2.796282e-01	8.380289e-02	-3.676517e-01	-7.271792e-01	3.840657e-01	-7.316473e-01	-1.078625e-01	-1.386763e-01	-1.060192e-01	-2.936525e-01	-2.586079e-01	1.799012e-01	-3.923296e-02	-4.489752e-01	5.532452e-01	6.669359e-01	1.238185e-01	-3.277262e-01	1.693464e-02	-2.227120e-02	3.386173e-02	9.176371e-03	7.242861e-03	-3.381067e-01	4.314440e-01	8.403968e-02	-1.222327e-01	-3.569474e-01	-3.666576e-01	-5.326191e-01	9.710107e-02	1.268285e-01	6.228671e-01	8.568308e-02	1.288332e-01	4.382049e-01	1.121081e-01	4.842709e-01	-3.561917e-01	-2.469662e-01	1.622460e-01	-1.102824e-01	3.259583e-02	4.279827e-01	-7.017006e-01	-3.374165e-02	-1.784552e-01	1.265526e-02	1.849048e-01	-3.779498e-01	-1.421450e-01	4.509648e-01	4.050538e-01	2.972316e-01	5.902489e-01	6.263551e-01	8.684632e-01	5.353404e-01	-1.228447e-01	-5.224339e-01	3.211207e-01	-3.687903e-02	-4.212460e-02	-3.618040e-01	3.521755e-02	-3.052504e-01	-2.603866e-01	-2.354211e-01	-4.685548e-01	-6.363912e-01	-4.238393e-01	-6.584116e-02	5.287204e-01	-3.824891e-01	-5.168152e-01	-1.857569e-01	-4.693584e-03	3.782647e-01	3.699208e-01	-2.002381e-01	-3.067330e-02	-9.251040e-02	7.369554e-02	1.487098e-01	-9.223309e-02	-4.899445e-01	4.483408e-01	-3.067249e-01	-3.887727e-01	7.077964e-02	-2.860983e-01	-3.085189e-01	-9.420925e-01	2.876248e-02	1.261643e-01	5.773901e-01	-1.071480e-01	7.623560e-02	-2.632645e-02	-4.924528e-01	8.443063e-01	-7.655165e-02	-1.492984e-01	-2.223356e-01	-3.664310e-01	-8.145057e-02	-6.380424e-01	7.133759e-01	5.538610e-03	-3.275940e-01	-2.565275e-01	7.423482e-01	2.060752e-02	-1.953073e-01	-3.291098e-02	4.849187e-01	5.304481e-02	-1.447096e-01	-3.644584e-01	-9.156346e-02	1.292459e-01	-9.508592e-02	-1.795503e-01	-4.193592e-01	5.243253e-01	3.263311e-01	6.559284e-01	-1.898274e-01	-2.540834e-01	-1.692417e-01	-3.196803e-02	-8.013748e-02	1.034539e-01	6.436027e-02	1.325103e+00	-1.219119e-01	5.469471e-01	-2.025792e-02	-1.740766e-01	2.082205e-01	-2.759280e-01	5.614499e-01	-2.795071e-01	-1.528739e-01	8.961095e-01	7.188005e-01	3.885944e-01	-1.543422e-02	-2.081185e-01	1.715156e-02	-2.784015e-01	-2.186205e-01	-7.135977e-01	1.590100e-01	-4.415923e-01	-7.725809e-01	-2.270279e-01	-2.607999e-01	1.708039e-02	4.232996e-02	-2.676692e-01	1.585448e-01	-8.641319e-02	2.474300e-01	-1.284111e-01	-9.474460e-02	-2.783303e-02	-4.493387e-01	2.585788e-02	-4.828397e-01	1.773033e-01	-9.558017e-01	-1.037792e-01	-3.141727e-01	6.926266e-02	-1.219710e-01	-2.290500e-01	3.320450e-01	-2.154566e-01	3.281641e-01	-2.182055e-03	7.013711e-01	-2.668430e-01	3.214812e-01	4.673993e-01	-2.070626e-01	2.387135e-01	-6.163070e-01	6.853609e-01	2.858868e-01	-2.990668e-01	-6.333898e-01	-2.733583e-01	8.355660e-01	5.749800e-01	-1.721338e-01	-5.408632e-01	-4.294831e-01	-3.186674e-01	9.037668e-02	9.366579e-02	3.427721e-02	5.803416e-03	1.872768e-01	7.718226e-01	2.436285e-01	1.155899e-01	7.741214e-02	-2.757125e-01	-3.392850e-03	9.797774e-02	-3.823603e-03	-4.322038e-01	-2.935515e-01	2.133784e-02	4.427941e-01	-3.026753e-01	2.063600e-01	2.308058e-01	-5.410730e-01	-2.479780e-01	-8.860381e-02	1.961346e-01	4.882635e-01	-8.481721e-02	2.514068e-01	-8.431117e-02	-9.128837e-02	-1.522487e-01	-1.533388e-01	6.576332e-01	-2.238019e-02	-3.835620e-01	-4.158917e-01	-1.494561e-01	-1.187044e-01	2.059725e-01	-8.191182e-02	-2.680345e-01	-6.157820e-01	-5.959539e-01	-1.033795e-02	-2.422698e-01	-2.412974e-01	4.922558e-02	1.027807e+00	-1.796065e-01	-4.763749e-01	-5.013264e-01	4.024216e-03	-6.475715e-04	1.441293e-01	2.374326e-01	-2.057951e-01	-5.009492e-01	-1.137975e-01	-5.430653e-02	-3.446171e-01	-8.648525e-02	-1.621785e-01	1.209441e-01	7.306660e-03	8.027166e-02	3.074110e-01	5.863079e-02	2.197626e-01	1.427483e-01	-1.313387e-01	4.868049e-01	-6.181089e-02	6.642153e-01	2.438099e-01	8.087125e-02	3.114669e-01	-3.066374e-01	2.005040e-01	-2.512774e-01	-3.412516e-01	1.785342e-01	-3.558348e-01	1.199622e-01	-7.471588e-02	-7.543075e-01	3.879930e-01	1.159715e-01	2.620760e-01	2.008564e-01	1.232958e-01	2.496829e-01	-4.769532e-01	-2.070630e-01	2.198471e-01	-4.571342e-01	7.164637e-01	1.862534e-01	7.068144e-02	1.382088e-01	-2.503707e-01	-4.362694e-02	-2.469764e-01	2.504454e-01	-4.315557e-01	4.560007e-01	-4.557215e-01	5.736040e-01	4.107174e-01	-2.789020e-01	-4.973941e-02	-4.610251e-01	-4.262677e-01	-2.606872e-01	-3.362743e-02	4.812447e-01	-1.274503e-02	4.416610e-01	9.388997e-02	-4.948044e-01	-1.588418e-01	5.042580e-01	-3.135290e-01	4.309976e-01	1.798371e-01	-2.114211e-01	4.148213e-02	-5.506498e-01	1.392505e-01	-2.024401e-01	-2.332073e-01	5.388134e-02	4.693797e-01	-3.735118e-01	3.572322e-01	-1.520533e-01	-4.869026e-01	1.681515e-01	-2.873362e-01	-6.560518e-01	1.281314e-01	-3.683799e-01	-3.578451e-02	-5.510211e-01	-2.443922e-01	-4.690161e-02	1.452450e-01	6.709712e-01	2.574929e-01	1.818157e-01	3.901728e-01	-2.245364e-01	3.191437e-01	-5.614752e-01	-1.030424e+00	1.667797e-01	-5.891854e-01	7.353131e-03	1.994477e-01	6.445828e-03	-2.839588e-01	4.991534e-02	1.132523e-01	4.914449e-02	2.565693e-01	2.330917e-01	-3.489051e-01	-7.178252e-01	4.527549e-01	7.236959e-01	-4.453584e-02	-1.273960e-01	2.463833e-01	-3.920881e-01	-1.233031e-01	3.752622e-02	-2.502120e-02	-1.892620e-01	1.500570e-01	-1.148426e-01	2.599876e+00	2.650363e-01	-2.713364e-01	1.478601e-01	5.191832e-01	3.967623e-01	1.876350e-01	1.904457e-01	-2.490936e-01	1.892179e-01	1.011287e-01	-4.556319e-01	-4.636382e-02	-2.854843e-01	5.881453e-02	4.058810e-01	-1.102812e-02	2.977824e-01	-3.817427e-01	-4.649456e-01	-4.642866e-02	-4.975208e-02	-2.867844e-01	1.130857e-01	1.776450e-01	-5.858034e-01	6.959136e-01	7.216632e-02	-7.264188e-01	-6.091283e-01	-5.433213e-01	5.276600e-02	-8.286031e-01	-7.302172e-01	-6.073233e-02	3.147007e-01	8.719169e-02	1.713953e-01	1.376601e-01	-1.115301e-01	-9.645820e-02	1.175996e-02	2.555949e-01	-3.278124e-01	-1.250043e-01	-1.359181e-01	-1.416157e-01	4.072805e-02	1.203708e-01	4.663764e-02	-4.268654e-01	-8.405403e-02	-3.294760e-01	1.723675e-01	-1.191895e-01	1.466549e-01	-3.946294e-01	1.928571e-02	6.029468e-01	-2.943136e-01	-6.282924e-02	-5.053452e-01	8.279080e-02	1.047539e-01	-1.973714e-01	-9.336480e-02	-7.205871e-02	3.809078e-01	6.672157e-01	-5.048155e-01	4.307988e-01	3.507664e-02	1.551353e-01	-2.603385e-01	-4.911714e-01	8.552574e-02	-3.201857e-01	-7.685745e-01	1.279844e-01	1.456425e-01	3.839819e-01	4.521150e-01	-3.587466e-01	-1.173134e-01	3.926449e-01	-2.865649e-01	4.511472e-01	2.458432e-01	8.784638e-02	5.921234e-01	1.442503e-01	-3.667211e-02	4.268307e-01	-2.163688e-01	-7.203332e-01	-3.243767e-01	6.358416e-02	2.646642e-01	-1.234317e-01	-8.735048e-01	-8.802006e-01	4.043469e-01	2.281403e-01	4.645221e-01	-5.126721e-01	5.547066e-02	-7.201196e-02	-4.795668e-02	1.104710e-01	3.911138e-01	-4.663419e-01	-1.790732e-01	-1.554673e-01	-4.975232e-01	1.769888e-01	-2.995481e-01	6.589003e-02	1.817280e-01	1.484991e-01	-1.372940e-02	-6.111454e-01	6.403672e-01	4.767233e-01	6.125311e-02	-9.309200e-02	4.547491e-01	-3.293702e-01	-1.295751e-02	1.158075e-01	7.433791e-01	-2.390710e-01	-2.134235e-01	-2.110980e-01	1.870468e-01	4.802814e-01	-1.255358e-01	-9.055942e-02	-2.276384e-01	-5.307028e-01	-3.563640e-01	-1.758809e-01	-2.444974e-01	-3.366872e-02	-1.458845e-01	-3.782550e-02	2.028964e-01	4.895378e-01	-1.173891e-01	8.750845e-02	3.978335e-01	-3.688359e-01	3.260483e-01	-1.635292e-01	-2.497544e-01	-1.284556e-01	2.013223e-01	-1.612564e-01	1.215091e-02	-2.936113e-01	8.773119e-02	-1.359288e-01	-2.662542e-01	-3.288875e-02	-2.102503e-01	2.430468e-01	-8.279187e-01	8.390836e-02	1.767932e-01	-2.457684e-01	4.978425e-01	5.202995e-01	-3.093533e-01	1.080324e-01	-2.440144e-01	-1.788843e-01	-2.235582e-02	-7.981922e-02	-4.003314e-01	-9.814477e-02	-3.250540e-01	2.186225e-01	-2.493716e-01	-5.983922e-01	-3.502924e-01	-2.563497e-01	-3.149853e-01	-4.355955e-01	-2.974489e-01	2.086090e-01	4.887747e-02	6.115845e-02	7.795965e-01	5.687914e-02	2.825552e-01	-2.446540e-01	-3.120991e-01	2.887839e-01	-3.404924e-01	4.028055e-01	1.754299e+00	-3.984243e-01	1.213945e-02	-4.164991e-01	-1.313343e-01	-2.634309e-01	-2.776896e-01	-6.007714e-02	-2.815187e-01	-1.910108e-01	2.004284e-01	-2.754272e-02	6.656194e-01	3.179828e-01	-7.648668e-02	-7.573523e-02	6.467885e-02	-5.982715e-01	-1.401733e-01	-2.931488e-01	1.712971e-01	-7.866226e-02	-1.381764e-01	3.788302e-01	1.694222e-01	3.432953e-02	-3.249739e-01	5.451736e-01	-2.759571e-01	-6.236774e-01	-6.799870e-01	9.394873e-01	-7.577981e-01	-4.976420e-01	-2.174578e-01	-2.034558e-01	-4.689378e-01	1.888319e-01	-8.782014e-02	6.604020e-02	-2.255053e-02	2.632208e-02	3.620052e-01	4.312261e-01	-3.371470e-01	1.647407e-01	-1.858236e-01	3.283107e-01	-2.099875e-03	1.367405e-01	1.431578e+00	-5.948708e-01	1.694198e-01	3.670226e-01	-6.719828e-02	-6.955679e-01	-5.857098e-01	-5.442228e-01	-7.155593e-01	1.765522e-01	-4.768034e-01	6.082032e-02	2.720269e-02	-4.054239e-01	3.048856e-01	-2.388288e+01	1.147023e-01	1.939580e-01	-2.363761e-01	5.238780e-02	-3.213677e-01	-4.293171e-02	-9.130092e-01	3.431666e-01	2.593980e-01	-4.103943e-01	-6.635214e-02	2.676444e-02	1.942162e-02	2.038839e-01	-1.166902e-01	-2.393512e-01	-4.412898e-01	-2.597850e-01	1.418189e-01	-4.164544e-01	-2.211778e-01	2.952400e-01	-1.747999e-01	6.572363e-01	-5.258179e-02	1.638787e-01	-1.186107e-01	-1.167436e-02	-1.680996e-01	-5.491839e-02	-1.282301e-01	-1.754654e-01	-2.867699e-03	1.268521e-01	3.470094e-01	1.038539e-01	4.708243e-01	-1.577874e-01	-1.395112e-01	-1.354574e-01	2.533800e-01	3.330898e-01	-2.580562e-01	5.582142e-01	3.997142e-01	-4.235065e-02	-2.971213e-02	-2.536736e-01	-8.361489e-01	-4.654789e-02	-6.193959e-02	5.486325e-01	2.748904e-01	-4.181429e-01	1.176269e-01	-2.555111e-01	1.788222e-01	2.585738e-01	3.009387e-01	-1.096913e-01	-1.643552e-01	1.953294e-02	-2.639925e-01	-2.568284e-01	-2.298207e-01	-2.925459e-02	-3.214829e-01	-2.589059e-01	2.823842e-01	-6.780468e-03	-5.196069e-01	-5.161095e-01	-2.142910e-03	3.171583e-01	4.384379e-01	-7.470731e-04	-5.181105e-02	-4.857898e-01	-3.505035e-01	-2.608596e-01	9.392351e-02	2.119047e-01	-4.637951e-02	8.358322e-02	-5.277073e-01	-1.299085e+00	3.761672e-01	-4.389346e-01	3.105890e-01	2.491976e-02	5.810267e-01	3.599585e-01	1.095969e-01	-2.296621e-03	4.108723e-01	-3.339710e-01	-8.120722e-01	-1.365532e-01	-3.106849e-01	-5.036446e-01	-2.537803e-01	2.610351e-01	2.065085e-01	7.586771e-01	-7.989098e-04	-1.990482e-01	-3.457512e-02	1.361094e-01	1.246807e-01	9.945162e-02	-4.088825e-01	3.391249e-01	-4.625138e-01	-2.750523e-01	9.977822e-02	1.358439e-01	2.310737e-01	3.896663e-02	-3.131792e-01	-4.781510e-01	-8.283001e-02	9.222550e-03	1.829484e-01	1.456944e-01	-1.589048e-01	2.448205e-02	2.543928e-01	-5.285218e-02	-9.095797e-02	-8.309852e-01	3.813192e-01	-4.259009e-01	-1.488025e-01	-1.491272e-01	-1.796897e-01	-1.501187e-01	-1.689015e-01	1.164277e-01	-2.519115e-01	-3.175452e-01	4.950958e-01	3.867409e-01	4.901983e-02	-3.719386e-01	2.937982e-02	1.997328e-01	6.938393e-03	1.670000e-01	5.543399e-02	-1.085183e-01	2.317631e-01	2.950099e-01	-2.569256e-01	-1.434387e-01	-3.643202e-01	-3.524136e-01	1.027284e-01	-8.594041e-02	5.957958e-01	5.827444e-02	1.849364e-01	2.895375e-01	2.591678e-01	6.622220e-01	-1.560930e-01	-1.135263e-01	1.825586e-01	-1.527962e-01	-2.142641e-01	4.126095e-01	-5.086457e-01	-1.903354e-01	-2.694359e-01	1.546485e-01	2.119643e-01	-1.312260e-01	-1.042816e-01	3.295607e-01	4.172892e-01	2.134057e-01	3.448712e-01	6.395866e-01	9.832270e-01	3.751067e-01	-4.944317e-02	-3.568856e-01	2.983117e-01	-1.095818e-01	2.464838e-01	-2.644712e-01	4.355235e-02	-3.258674e-01	-1.486958e-01	-2.050449e-01	-3.854417e-01	1.680411e-01	-4.603835e-01	8.234242e-03	5.098914e-01	-2.985001e-01	-2.216499e-01	-2.768702e-01	-9.530018e-02	3.348030e-01	3.704589e-01	-2.972644e-01	-1.099134e-01	5.228056e-02	6.153616e-02	1.892581e-01	2.751373e-02	-4.423561e-01	3.983074e-01	-1.390299e-01	-2.372841e-01	1.282494e-01	-2.037206e-01	-8.520685e-02	-8.544071e-01	6.367241e-02	1.726665e-01	3.646798e-01	-1.928983e-02	2.485028e-01	1.335336e-01	-3.781076e-01	7.550115e-01	-1.242823e-01	-6.606983e-02	-2.716689e-01	-3.415114e-01	-9.015702e-03	-3.532566e-01	8.170431e-01	-2.376481e-02	-8.376611e-02	-1.816022e-02	7.708027e-01	-5.812252e-02	-1.495850e-01	-8.739476e-02	4.405865e-01	1.682566e-01	4.548516e-02	-3.698795e-01	1.609734e-03	-4.815600e-02	-1.318118e-01	-1.321379e-01	-1.424030e-01	3.546000e-01	6.017522e-01	5.818663e-01	-5.371905e-02	-4.014525e-01	-2.834453e-01	8.710534e-02	-1.792292e-02	3.049602e-02	4.972059e-02	1.104753e+00	-1.304422e-01	4.378893e-01	6.256361e-02	-3.669670e-02	2.827336e-01	-3.977239e-01	3.839818e-01	-2.047635e-01	4.959567e-02	6.835726e-01	2.053610e-01	1.953344e-01	-5.111214e-03	-3.128174e-01	2.328137e-02	-2.136149e-01	-2.834670e-01	-6.631236e-01	-9.498388e-03	-3.313516e-01	-5.975421e-01	-1.308096e-01	-3.902803e-01	-7.444997e-02	1.252552e-01	-2.703927e-01	9.509753e-03	-2.613054e-02	4.296819e-01	-7.095215e-02	-1.251895e-01	3.355383e-01	-4.340892e-01	-1.450118e-01	-2.927290e-01	3.205844e-01	-6.882780e-01	-1.719172e-01	-2.848830e-01	2.658179e-01	5.631603e-02	-1.997851e-01	1.749792e-01	-1.695785e-01	2.248268e-01	-1.590250e-01	6.764861e-01	-3.189656e-01	2.102188e-01	4.915922e-01	-2.649540e-01	1.605621e-01	-4.649676e-01	6.650910e-01	9.246658e-02	-2.309178e-01	-4.685093e-01	-1.990292e-01	7.232660e-01	4.711697e-01	-3.220248e-01	-5.033296e-01	-4.036167e-01	-3.120180e-01	1.858885e-01	1.677177e-01	1.953768e-02	-1.200021e-01	1.571837e-01	6.199485e-01	3.038386e-01	1.926526e-01	7.244442e-02	-2.394462e-01	3.553285e-02	-5.175443e-02	-1.073435e-01	-2.275361e-01	-2.139432e-01	5.805017e-02	2.838141e-01	-1.318141e-01	1.919185e-01	1.243252e-01	-4.749355e-01	-9.411579e-02	-1.241081e-01	1.163444e-01	3.262230e-01	1.996538e-03	1.726867e-01	-5.626770e-02	5.651866e-02	-1.224260e-02	7.310545e-02	5.948247e-01	-9.154748e-02	-2.870327e-01	-3.520217e-01	-6.948201e-02	-1.869863e-01	1.297578e-01	-2.485757e-01	-9.288438e-02	-5.856673e-01	-6.400687e-01	1.929223e-01	-4.758914e-01	-3.061963e-01	-7.092868e-02	1.032568e+00	-2.511718e-01	-3.863502e-01	-3.932773e-01	7.201028e-02	6.360725e-02	1.322742e-01	2.531546e-01	-1.959741e-01	-3.237137e-01	-1.850092e-01	-3.457187e-01	-1.452093e-01	-1.434164e-01	-1.804354e-01	1.764857e-01	7.053198e-02	2.274666e-01	2.806943e-01	2.813346e-01	1.936487e-01	1.110371e-01	-7.260141e-02	4.117869e-01	1.086254e-01	4.916365e-01	2.836803e-01	1.807310e-01	3.191389e-01	-2.479640e-01	2.667464e-01	-1.425674e-01	-2.561507e-01	1.268349e-01	-4.813692e-01	7.267220e-02	-1.727132e-01	-6.529616e-01	4.337779e-01	1.915204e-01	2.986059e-01	2.188332e-01	5.717683e-02	4.108197e-01	-3.670811e-01	-6.181218e-02	3.436607e-01	-3.684601e-01	5.565836e-01	1.908187e-01	1.099679e-01	3.250822e-02	-1.950766e-01	-3.248764e-02	-1.647805e-01	2.601082e-01	-4.412380e-01	3.124574e-01	-5.080446e-01	4.531567e-01	2.649552e-01	-5.318690e-02	-8.725162e-02	-3.413487e-01	-2.813718e-01	-5.686067e-02	-1.217045e-01	6.498462e-01	-4.936387e-02	1.409093e-01	4.576273e-02	-4.334559e-01	-5.040594e-02	5.470644e-01	-1.672364e-01	3.033894e-01	1.253605e-01	-7.613008e-02	-6.003134e-02	-4.716071e-01	7.819713e-02	-2.213283e-01	-2.516994e-01	2.117679e-01	2.228136e-01	-5.067341e-01	5.608452e-01	-1.946930e-01	-8.997317e-02	2.363414e-01	-3.283788e-01	-5.870839e-01	6.721430e-02	-2.667889e-01	-1.376943e-02	-4.907960e-01	-1.589346e-01	-1.122080e-01	-1.044808e-02	5.743185e-01	3.274748e-03	1.470894e-01	3.995162e-01	-1.422636e-01	5.166572e-01	-5.252761e-01	-9.090474e-01	3.248587e-02	-3.955991e-01	1.951299e-03	2.426422e-01	1.913924e-01	-3.949951e-01	3.598958e-01	2.657773e-01	1.286404e-01	2.956303e-01	1.239438e-01	-1.175703e-01	-4.774819e-01	3.310136e-01	3.791150e-01	-1.039574e-01	8.980963e-02	4.527466e-01	-3.508063e-01	-2.609991e-01	-9.545444e-02	9.723093e-02	3.044468e-03	2.216535e-01	-3.695493e-02	3.015334e+00	3.593425e-01	-1.996435e-01	2.079784e-01	5.479609e-01	2.655283e-01	-1.131261e-01	-3.306564e-02	-2.167166e-01	2.733547e-01	1.874253e-01	-4.779475e-01	-7.383138e-02	-1.668809e-01	-2.021340e-02	2.046037e-01	1.475870e-01	3.015290e-01	-4.143972e-01	-1.953743e-01	-1.972611e-01	-3.166193e-01	-4.760265e-01	1.277021e-02	1.706340e-01	-4.235293e-01	2.960628e-01	1.766242e-01	-6.475644e-01	-4.145590e-01	-3.248531e-01	1.457062e-02	-8.770977e-01	-6.461031e-01	-2.082885e-01	3.036993e-01	3.383599e-03	3.316043e-01	1.957578e-01	-3.372046e-01	-2.344031e-01	1.451122e-02	3.567261e-01	-2.027798e-01	2.288371e-02	-2.668589e-01	-2.812583e-01	1.376758e-01	2.382346e-01	-9.746648e-02	-4.276633e-01	-9.016107e-02	-2.360258e-01	1.486139e-01	1.956021e-02	-1.309682e-01	-1.907286e-01	-7.433289e-02	4.040435e-01	-1.225839e-01	-1.056970e-01	-4.363466e-01	3.445097e-02	1.869153e-02	-1.429469e-01	-1.229092e-01	-1.102173e-01	3.143077e-01	6.512114e-01	-4.977787e-01	4.306411e-01	-2.136547e-01	1.520209e-01	-4.367581e-01	-5.638152e-01	6.653474e-03	-3.775405e-01	-6.207693e-01	7.558973e-02	4.104634e-01	2.518329e-01	4.772670e-01	-3.162582e-01	-3.196615e-01	3.737249e-01	-2.957481e-01	2.352016e-01	1.975167e-01	3.046102e-01	8.141086e-01	1.675749e-01	2.098792e-02	3.120305e-01	-2.029510e-01	-6.265975e-01	-3.361962e-01	1.079460e-01	1.950986e-01	-1.055274e-01	-3.454487e-01	-7.817579e-01	1.763170e-01	2.835486e-01	3.191659e-01	-3.442738e-01	-1.046716e-01	3.954377e-02	6.986615e-02	1.586618e-01	1.724177e-01	-4.341806e-01	-6.901651e-02	-3.601633e-01	-8.022267e-01	-2.451369e-02	-2.267870e-01	6.555670e-02	1.556735e-01	3.275832e-01	-8.599175e-03	-6.324605e-01	4.522360e-01	5.264922e-01	-4.770734e-02	-9.079228e-02	4.030835e-01	-2.126397e-01	-1.122463e-01	3.370550e-02	3.375711e-01	-1.046039e-01	5.210261e-02	-1.804038e-01	2.240841e-01	1.172873e-01	2.712401e-02	-4.234841e-02	-3.532318e-01	-2.808612e-01	-3.600733e-01	-1.166679e-01	-2.634344e-01	7.208485e-02	-2.010535e-01	-1.145851e-02	2.424874e-01	4.727873e-01	-1.833104e-01	1.602039e-01	2.893152e-01	-2.868738e-01	8.302554e-02	-1.602838e-01	-1.642152e-01	-1.322515e-01	1.153026e-01	-5.713508e-02	-2.211630e-02	-2.682777e-01	-1.729743e-02	-1.152099e-01	-1.173074e-01	-1.036778e-01	-2.347342e-01	1.463373e-01	-8.203187e-01	2.688681e-01	1.846554e-01	-2.975158e-01	2.928422e-01	4.175828e-01	-3.581668e-01	1.866647e-01	-3.661481e-01	-1.589129e-01	-4.927107e-02	-9.584218e-02	-1.394996e-01	-9.776469e-02	-2.010135e-01	1.500333e-01	-3.676772e-01	-2.907373e-01	-1.694959e-01	-1.029677e-01	-2.498680e-01	-4.417492e-01	-2.687358e-01	3.510277e-01	6.513313e-02	-6.372816e-02	6.951028e-01	1.653321e-01	6.867586e-02	-2.650988e-01	-3.075610e-01	1.571566e-01	-3.834121e-01	1.185319e-01	1.807288e+00	-4.160714e-01	7.457524e-02	-4.331037e-01	-2.225625e-01	-3.112853e-01	-3.083174e-01	-3.319867e-01	-1.876469e-01	5.512666e-02	2.047887e-01	6.931158e-02	5.748414e-01	3.552516e-01	-3.399908e-02	-1.348501e-01	4.761814e-03	-4.083143e-01	-2.520798e-01	-2.821702e-01	5.479163e-02	1.862402e-02	-6.350871e-02	4.151734e-01	-3.499698e-03	3.772042e-02	-1.184949e-01	3.716398e-01	-1.636911e-01	-2.870738e-01	-5.265089e-01	6.489065e-01	-6.218961e-01	-6.068056e+00	-2.184370e-01	-2.599654e-01	-3.527604e-01	2.015145e-01	-6.985124e-02	-1.059595e-01	8.467112e-02	2.189673e-01	3.038397e-01	2.478472e-01	-2.811487e-01	1.728931e-01	-3.763359e-01	3.208001e-01	1.563584e-01	1.741755e-01	1.321321e+00	-6.516684e-01	1.510798e-01	3.744057e-01	1.891520e-01	-6.896425e-01	-4.475578e-01	-4.142784e-01	-5.562459e-01	2.544815e-01	-4.628271e-01	-6.952538e-02	-1.329097e-02	-2.737767e-01	7.223627e-02	-1.760087e+01	2.678839e-01	3.228018e-01	-1.759060e-01	2.101550e-01	-4.008313e-01	-6.706394e-02	-2.121001e-01	3.265554e-01	2.324566e-01	-3.104179e-01	-4.282244e-02	-1.251117e-02	-1.434593e-01	6.482143e-02	-2.323490e-01	-4.256488e-01	-3.218471e-01	-1.357087e-01	6.865855e-02	-2.997545e-01	-1.856522e-01	1.809505e-01	-1.270664e-01	4.118794e-01	-7.382865e-02	2.207514e-01	-2.578552e-01	-8.594973e-02	-7.818023e-03	3.985201e-02	-8.313501e-02	4.985136e-02	-1.344802e-01	7.743000e-02	3.332005e-01	5.567595e-02	2.982444e-01	-3.262133e-01	-3.251202e-01	-1.690721e-01	2.649603e-01	2.015966e-01	-1.681660e-01	5.411177e-01	3.817174e-01	-8.135007e-02	-1.279338e-02	-1.930327e-01	-8.136880e-01	-2.369428e-01	2.957646e-01	6.195686e-01	4.221036e-01	-4.472657e-01	5.572549e-02	-2.027093e-01	2.768783e-01	1.802002e-01	7.232124e-02	2.792438e-02	-9.912568e-02	1.225153e-01	1.096816e-01	-2.551985e-01	-1.234399e-01	5.098627e-02	-1.295172e-01	-3.351281e-01	4.327284e-01	1.192708e-02	-2.555020e-01	-4.203296e-01	-9.846921e-02	1.695549e-01	4.488864e-01	-1.280875e-01	9.911952e-02	-5.722900e-01	-1.402731e-01	-1.011350e-01	-8.301020e-03	-4.056744e-02	-4.894914e-02	2.897109e-02	-4.848343e-01	-1.427297e+00	3.944364e-01	-5.140966e-01	1.242019e-01	-3.001477e-02	2.616950e-01	3.186436e-01	-3.352015e-03	-1.138571e-01	1.163317e-01	-2.366770e-01	-8.412170e-01	-1.049524e-01	-5.624615e-02	-1.134702e-01	-5.756944e-02	3.120298e-01	3.346915e-01	6.597204e-01	-6.753887e-02	-2.357712e-03	-4.157644e-02	2.211046e-01	2.592209e-01	2.434433e-01	-4.149567e-01	2.363518e-01	-3.374599e-01	-4.827303e-02	-3.514739e-02	1.504163e-01	3.419699e-01	3.825179e-02	-5.084854e-02	-5.118223e-01	-3.279670e-01	1.353133e-03	6.508984e-02	-2.233129e-02	-1.990094e-01	3.531501e-02	1.724790e-01	-1.655779e-02	-1.689338e-01	-6.841130e-01	1.888741e-01	-3.545527e-01	-5.784064e-02	-5.769649e-02	-2.150080e-01	2.811888e-01	-1.588911e-01	1.349039e-01	-2.241538e-01	-4.813032e-01	4.102865e-01	4.653552e-01	-1.229331e-01	-4.990627e-01	8.807991e-02	1.802617e-01	1.333808e-01	1.956019e-01	2.251879e-01	-2.566560e-01	1.269662e-02	4.983863e-01	-4.669160e-02	-1.630790e-01	-6.040025e-01	-1.659486e-01	5.210536e-02	-1.306897e-01	4.138618e-01	1.183640e-01	1.675436e-01	1.845510e-01	6.887781e-02	4.846986e-01	-4.832152e-02	1.683459e-01	9.870170e-02	-3.174162e-01	-5.972220e-02	3.978116e-01	-4.875756e-01	-1.319371e-01	-3.544674e-01	3.546977e-02	-9.110925e-02	-1.289633e-01	-5.738259e-02	1.711405e-01	3.838347e-01	2.922398e-02	1.381831e-02	3.695904e-01	8.064855e-01	4.332112e-01	-1.602681e-01	-3.800223e-01	2.852222e-01	-3.034981e-01	2.537689e-01	-1.322877e-01	1.560888e-02	-4.582213e-01	-9.506772e-02	-2.314093e-01	-5.100420e-01	4.819308e-01	-4.888638e-01	9.612016e-02	7.716097e-01	-2.911152e-01	1.226512e-02	-1.439883e-01	-2.520682e-01	4.501852e-01	3.680737e-01	-2.215591e-01	2.976893e-02	3.902863e-02	1.180155e-01	1.516467e-01	1.516057e-01	-4.054258e-01	1.662196e-01	-1.426482e-01	-2.052063e-01	-9.774538e-02	-3.279829e-01	-3.181532e-02	-4.297970e-01	2.106186e-01	-5.180246e-02	1.613289e-01	1.833758e-01	2.791057e-01	2.182768e-01	-2.695405e-01	5.120891e-01	-1.883801e-01	-6.833017e-02	-3.477321e-01	-8.373736e-02	9.233388e-02	-2.413238e-01	6.129373e-01	-1.780662e-01	-1.530226e-01	-1.422839e-01	8.086765e-01	-1.612634e-01	-1.446673e-01	-1.605557e-01	3.237608e-01	1.125896e-01	-1.064796e-02	-3.530409e-01	-2.014580e-02	-4.630318e-02	-1.052928e-01	9.208036e-02	9.021486e-02	2.368545e-01	5.883901e-01	5.245873e-01	-1.224047e-01	-4.563436e-01	-1.957633e-01	1.048796e-01	-6.443409e-02	-5.795130e-02	-1.306962e-02	1.003632e+00	-2.336061e-01	3.176387e-01	-6.398350e-02	1.388433e-01	4.601086e-01	-5.117269e-01	3.154882e-01	-1.788171e-01	1.924935e-01	6.718553e-01	5.404495e-03	-9.995459e-02	1.336875e-01	-1.639353e-01	2.523839e-01	-1.132356e-01	-4.010338e-01	-5.639983e-01	-6.046569e-02	-3.554064e-01	-2.911823e-01	-2.273518e-01	-3.867499e-01	5.631831e-02	4.154290e-01	6.711739e-02	7.123196e-02	-2.334846e-02	5.439376e-01	-1.481699e-01	-7.204273e-02	1.974839e-01	-3.161751e-01	-2.213222e-03	-1.167108e-01	2.409862e-01	-5.157653e-01	3.410394e-03	-4.668151e-01	4.722446e-01	3.394309e-01	-6.517305e-03	1.264391e-01	-6.940277e-02	2.725539e-01	-3.370908e-01	4.847610e-01	-3.859915e-01	5.921569e-02	3.568524e-01	-3.262331e-01	3.111096e-02	-4.853208e-01	5.244201e-01	3.214213e-02	-1.231979e-01	-3.567281e-01	-3.542590e-01	6.371911e-01	1.939391e-01	-5.679128e-02	-4.706156e-01	-2.507730e-01	-2.756094e-01	9.463269e-02	2.908370e-01	-5.822957e-02	-6.361687e-02	3.728966e-02	7.103738e-01	3.745459e-01	7.229371e-02	4.488161e-02	-3.505531e-01	-2.042218e-01	3.144521e-01	-1.053026e-01	-2.759302e-01	-4.230703e-02	-6.927599e-02	2.821169e-01	2.537262e-01	2.011470e-01	2.139050e-01	-3.107982e-01	1.676755e-01	-3.714970e-01	4.199168e-04	1.523045e-01	-2.147052e-01	-5.007102e-02	-6.505504e-02	1.018111e-01	-1.505283e-01	2.484266e-01	4.812013e-01	-2.733696e-01	-1.912447e-02	-4.624041e-01	-8.029021e-02	-4.273495e-01	6.506874e-02	-7.459344e-02	1.128505e-02	-5.521710e-01	-3.234405e-01	1.500637e-01	-2.585941e-01	-2.993259e-01	-1.916164e-01	1.054974e+00	-3.370364e-01	-1.860372e-01	-2.139233e-01	1.876056e-01	7.895587e-02	5.619638e-02	1.423348e-01	-8.259838e-02	-1.678379e-01	-2.048167e-01	-1.349402e-01	-9.625819e-02	-1.664726e-01	-2.107913e-02	6.310354e-02	-2.825091e-02	5.219657e-02	2.483544e-01	2.341401e-01	2.278004e-01	-5.164731e-03	-1.941122e-01	3.031879e-01	9.835924e-02	3.536305e-01	3.500235e-01	1.399888e-01	1.931762e-01	-4.701543e-02	2.321752e-01	-2.123414e-01	-4.148565e-01	2.308419e-01	-4.461070e-01	1.583028e-01	3.959749e-02	-3.738713e-01	1.388560e-01	2.175656e-01	2.627678e-01	1.724397e-01	7.808347e-02	2.252837e-01	-1.748780e-01	3.129242e-02	2.533626e-01	-2.796467e-01	3.668423e-01	1.814387e-01	-1.082815e-02	1.232559e-02	-2.648515e-01	-2.124488e-01	-2.769095e-01	4.129585e-01	-2.887033e-01	2.483915e-01	-3.795374e-01	4.538291e-01	1.424839e-01	-1.389046e-01	3.996865e-02	-2.452515e-01	-5.360948e-02	-2.067402e-01	-1.677844e-01	8.034326e-01	-2.265506e-01	-1.705401e-01	-2.709004e-03	-2.815740e-01	-8.502000e-02	6.803417e-01	-1.137437e-01	1.065718e-01	9.211408e-02	-2.444784e-01	-1.338061e-01	-2.711436e-01	1.323910e-02	-3.122967e-01	-1.697433e-01	2.411097e-01	1.183920e-01	-5.142998e-01	5.461479e-01	-7.804108e-02	-7.493140e-02	1.603448e-01	-1.933686e-01	-4.883813e-01	2.413961e-02	-1.142664e-01	1.540946e-01	-2.126993e-01	-2.535608e-01	4.522244e-02	7.044126e-02	6.591471e-01	-1.269818e-01	1.144606e-01	5.427557e-01	-3.249643e-01	3.983437e-01	-3.685162e-01	-2.048326e-01	-7.931316e-02	-1.584534e-01	7.807393e-02	2.879932e-01	-2.777350e-02	-3.024035e-01	4.814545e-01	2.165477e-01	2.660639e-02	3.542911e-01	2.456324e-02	-2.860537e-02	-2.722116e-01	1.315383e-01	3.610874e-01	-4.176791e-02	2.095095e-01	3.200291e-01	-2.337200e-01	-1.885840e-01	-5.752530e-02	-3.165615e-03	7.083557e-02	1.260270e-01	4.308335e-02	3.016357e+00	2.687482e-01	-1.835910e-03	1.441813e-01	5.494951e-01	2.338807e-01	-1.126994e-01	1.182549e-01	-4.879952e-02	1.538227e-01	2.214032e-01	-5.008615e-01	-1.221221e-01	1.321937e-01	-1.027893e-01	6.884804e-02	-2.514995e-02	3.307595e-01	-3.473350e-01	1.615855e-01	-8.897586e-02	-1.088297e-01	-3.842022e-01	-3.020156e-02	1.386725e-01	-1.853764e-01	3.916714e-01	1.740771e-01	-5.798670e-01	-4.154216e-01	-4.545177e-01	1.881805e-01	-7.639281e-01	-7.155524e-01	-3.418759e-02	3.035696e-01	3.415700e-02	
-1.792184e-01	-3.392536e-01	4.405957e-01	-4.291631e-04	5.344732e-01	2.623703e-01	-1.941224e-01	-3.124939e-02	8.592574e-02	1.878774e-01	-4.064334e-02	6.907829e-01	1.118586e-02	-3.716469e-02	1.166400e-01	-5.968512e-01	7.493682e-01	-3.110546e-01	-2.980304e-01	1.092696e-01	-1.305894e-01	-2.011945e-01	3.679561e-01	5.210901e-04	-3.322148e-01	5.547687e-01	-4.018837e-01	-2.568795e-01	-3.621829e-01	-4.507592e-01	1.210505e-01	3.366289e-01	-3.436070e-01	5.166029e-01	1.465677e-01	3.384781e-01	-1.984661e-01	1.000369e-01	5.088775e-01	-2.404944e-01	-5.188754e-01	8.451435e-02	-1.812404e-01	-1.340840e-01	1.594749e-01	-5.229788e-01	2.443156e-01	-6.245361e-03	2.277557e-02	9.922827e-01	-1.296386e-01	-1.283449e-01	2.314562e-01	3.072885e-01	-1.202060e-01	4.088262e-01	2.501675e-01	-7.939607e-02	-4.571321e-02	2.591485e-02	-2.329110e-01	2.284184e-01	-3.490468e-01	-6.273893e-02	-1.485761e-01	1.540268e-01	-1.016291e-01	1.357087e-01	1.581554e-01	5.079826e-01	-4.450181e-01	6.289175e-02	4.931322e-01	6.914169e-02	-3.121733e-01	9.685086e-01	2.505584e-01	-1.834104e-02	-9.860258e-01	-4.952750e-01	4.372497e-01	5.069134e-01	-2.453268e-02	8.822409e-02	-1.280351e-01	4.936095e-01	4.187492e-01	2.436079e-01	8.888850e-01	-5.382049e-01	-4.781379e-02	3.447422e-02	1.259435e+00	5.179990e-02	-3.202406e-01	7.871878e-01	2.995100e-01	4.153012e-01	3.671855e-02	1.198675e-01	-5.533335e-01	-4.112982e-02	3.835715e-01	-1.598453e-01	3.454247e-01	-2.852861e-01	2.365127e-01	-1.942760e-02	8.387686e-02	4.714265e-01	6.804022e-02	8.851964e-02	2.689052e-01	-3.295802e-01	4.325917e-01	-2.827535e-01	-1.610293e-01	9.339557e-02	4.476416e-01	-2.413039e-01	-5.778910e-02	-3.672224e-02	-2.742694e-01	2.839774e-01	9.324268e-02	-2.072154e-01	5.930647e-02	3.372145e-01	-8.535317e-02	1.068991e-01	-2.726738e-02	-9.841624e-02	1.204009e-02	5.785313e-02	4.184205e-01	-1.402034e-01	3.101360e-01	-1.607813e-01	-1.259317e-01	6.438376e-01	1.044611e-01	2.674187e-01	-3.754139e-01	-2.250990e-02	-1.368597e-01	1.652170e-01	-3.682374e-01	5.925060e-01	-4.394014e-01	-2.897277e-01	9.586672e-02	4.853777e-01	3.866433e-01	-6.278835e-02	-2.913442e-01	-1.345948e-01	5.745617e-01	7.824348e-02	-2.372380e-01	3.809796e-01	-2.459408e-01	2.865968e-01	-8.123888e-01	1.122412e-02	-6.875245e-02	-1.295870e-01	-5.647655e-02	-3.271674e-01	-2.546422e-01	3.295267e-01	-8.741462e-02	1.845493e-01	-3.344713e-01	3.154037e-01	1.275386e-01	4.682887e-01	-3.309704e-02	-3.151021e-02	2.039071e-04	-5.133709e-01	-7.711844e-01	1.706290e-01	-2.002396e-01	9.246774e-02	4.951427e-02	5.938202e-02	4.871098e-02	-1.437154e-02	1.492372e-01	-1.467238e-01	-2.716477e-01	-2.587645e-01	-4.662182e-01	4.313933e-01	-1.285589e-02	8.151545e-01	-3.659088e-01	8.603090e-02	2.416336e-02	2.193021e-01	-6.661744e-01	-1.804302e-01	1.001183e-01	2.026733e-01	-2.023653e-01	4.910460e-01	3.443902e-02	1.154800e-01	-1.672062e-02	6.737159e-01	-2.034685e-01	-1.391464e-02	5.369913e-01	1.439641e-01	4.192127e-01	1.711259e-01	4.302936e-02	-5.422791e-02	-1.678467e-04	6.457782e-02	-4.579089e-02	4.827337e-02	-3.796648e-01	-1.153542e-01	-1.609897e-01	-3.370445e-01	2.266444e-01	2.536736e-01	-1.097038e-01	-2.809580e-01	-4.887712e-01	-4.379091e-01	-2.037456e-01	2.294429e-01	-1.807337e-01	4.475884e-01	1.335016e-01	-8.005144e-02	-3.371245e-01	1.266037e-01	-6.222896e-02	2.932709e-01	-3.018157e-02	-9.493651e-02	1.550931e-01	-7.981402e-02	-1.568290e-01	-5.931255e-01	1.498119e-01	2.119165e-02	-3.920070e-01	3.053865e-01	-1.797201e-01	-1.520698e-01	-3.118643e-01	4.062259e-02	4.350536e-02	-4.003297e-01	6.257966e-02	-1.631735e-01	9.201504e-02	-4.711346e-01	-1.044780e-01	2.299921e-01	3.370432e-01	3.643290e-01	2.705597e-01	2.907628e-01	-1.277918e-02	2.855523e-01	-4.276602e-01	5.509600e-01	3.025480e-01	2.566496e-01	-2.521785e-01	6.415809e-02	-3.048124e-04	-1.056934e-01	-3.262741e-01	2.020110e-01	1.582802e-01	-2.452362e-01	-1.812722e-01	3.042547e-01	-4.449115e-01	-3.504533e-01	1.203141e-01	-2.179103e-01	3.993417e-01	-9.907108e-02	-5.095438e-01	-5.878327e-01	6.348173e-02	3.546058e-01	5.316209e-02	-4.737891e-01	-6.514099e-01	-2.077967e-01	-2.403385e-02	-1.714833e-01	2.566261e-01	6.658428e-01	-1.760740e-01	1.521114e-01	-3.201935e-01	6.102281e-02	-4.367060e-01	-6.583200e-01	8.242781e-01	2.405419e-01	-4.895760e-01	3.445629e-01	-4.890500e-01	3.895312e-01	3.515250e-01	3.689192e-02	2.801082e-01	-1.269381e-01	-2.963015e-01	2.150589e-01	-2.607749e-01	1.053496e-01	3.726986e-01	1.558222e-01	-5.016574e-01	-1.147184e-01	1.947583e-01	-5.751942e-01	-7.362835e-02	2.877716e-01	-3.419628e-01	1.193892e+00	6.119752e-02	-4.909200e-01	4.852385e-02	1.898391e-01	3.475106e-02	4.112671e-02	-5.776339e-01	-1.884172e-01	-1.019018e-01	-3.686558e-01	7.951596e-01	-4.000225e-01	3.592220e-01	-1.411230e-01	-8.520457e-02	8.260485e-01	-1.036496e-01	-8.150784e-01	-2.711627e-02	3.461621e-01	1.821286e-01	3.535759e-02	7.080852e-02	2.626831e-01	-5.157143e-01	5.294869e-02	4.348351e-01	-4.095152e-01	-2.099546e-02	5.325386e-01	1.300297e-01	-2.444297e-01	-6.041296e-01	1.571422e-01	5.943503e-02	3.118894e-02	2.352847e-01	8.314734e-01	2.380656e-01	7.366357e-01	-1.270188e-01	-3.651255e-01	2.632183e-01	-1.686346e-01	5.582640e-02	-7.321072e-01	1.006847e+00	-2.974378e-01	-6.016350e-02	-3.087377e-01	-3.619769e-01	-3.518910e-01	2.301335e-01	1.076252e-01	2.962857e-01	-2.253259e-01	3.556314e-01	2.462980e-01	1.105906e-01	4.581407e-01	-3.448579e-02	-1.024446e-01	2.764842e-02	5.043389e-01	1.371802e-01	3.011934e-02	-6.227009e-01	1.010578e-01	1.578833e-01	2.256991e-01	2.872173e-01	2.959462e-01	-3.153764e-01	6.809579e-01	4.665304e-01	2.068923e-01	1.772330e-01	9.523653e-02	1.618961e-01	6.408702e-01	2.451849e-01	1.944497e-01	3.527621e-01	5.746458e-01	-1.034755e+00	1.713608e-01	1.270947e-01	2.410275e-01	1.593127e-01	-5.584274e-03	-4.258181e-02	-1.776452e+00	9.491476e-02	1.629844e-01	-9.555069e-02	-4.858730e-02	-4.324098e-01	-2.624894e-01	-3.934875e-01	-1.422546e-01	-6.918221e-02	2.666414e-03	-2.646719e-01	-8.078238e-02	1.592369e-01	-2.786981e-01	-4.436134e-01	-1.239735e-01	5.034779e-02	-1.514607e-01	1.612247e-01	2.753283e-01	-1.365167e-01	1.024569e-01	-4.957277e-01	-8.138023e-02	-1.067976e-01	7.548400e-01	-4.632268e-02	-4.713561e-01	1.349797e-01	-3.298563e-01	-1.209251e-01	-6.593911e-02	-1.863851e-01	-6.803001e-02	-2.194454e-01	-7.577999e-01	-3.828592e-01	4.082806e-01	3.461936e-01	-1.522222e-01	-9.447534e-02	-4.179085e-01	-2.799042e-01	-1.947896e-01	1.876700e-01	4.424701e-01	-4.736468e-01	5.693102e-02	-2.337576e-01	-2.354284e-01	3.987698e-01	-2.052584e-01	4.557381e-02	-5.454444e-01	3.800845e-01	-4.475237e-02	-5.373897e-02	1.926862e-01	1.065966e+00	-1.334273e-01	6.270175e-02	3.512734e-02	2.856387e-01	1.425017e-02	4.746835e-01	3.689175e-01	5.561943e-01	-1.314756e-01	-3.822163e-01	-1.165788e+00	1.749656e-01	8.950618e-02	-2.145193e-01	-4.222287e-01	3.323230e-01	8.381235e-01	1.487999e-01	4.014767e-01	-1.664223e-01	-1.678233e-01	-4.805894e-02	-2.123763e-01	-2.485301e-01	1.431575e-01	-1.963223e-01	-3.986513e-01	-2.357349e-01	-8.549047e-01	-4.193842e-01	9.930012e-02	-1.546743e-01	4.161514e-01	3.717535e-01	-4.395285e-01	8.192799e-04	1.648682e-01	-1.624596e-01	1.771337e-01	-1.098373e-01	-3.685357e-01	2.055081e-01	-8.487564e-01	-2.207267e-01	-2.329286e-01	2.525871e-01	-2.109264e-01	-1.991420e-01	5.285467e-02	-1.631457e-01	3.939554e-01	2.161240e-01	7.164164e-01	-7.826135e-02	3.379537e-01	1.112689e-01	2.228433e-01	2.142523e-01	-5.314518e-01	2.446504e-01	7.520539e-01	9.399608e-02	8.875373e-02	-2.696163e-01	3.845571e-01	2.738435e-01	-2.214193e-01	1.615164e-01	-2.865736e-01	5.198951e-02	3.668117e-02	3.300988e-02	2.343534e-01	7.072517e-02	-1.466223e-01	4.998702e-01	2.201197e-02	-2.963870e-01	-7.414998e-02	2.364638e-01	-2.274893e-02	8.147258e-02	1.653582e-01	-5.861236e-01	4.282450e-02	2.452191e-03	4.866718e-01	-3.512987e-01	4.302195e-01	-2.696919e-02	2.291250e-01	-1.917616e-01	3.103941e-01	-7.638104e-02	1.235143e-01	1.986083e-01	3.483965e-01	-2.854985e-01	-1.871589e-01	-1.579205e-01	-5.166459e-02	3.176459e-01	-1.934642e-01	1.161528e-01	-6.430960e-02	-1.008546e-01	-7.113324e-02	3.533573e-01	2.132952e-02	-8.775357e-01	-2.634085e-01	1.812376e-01	-3.144417e-01	1.056595e-01	-3.731303e-01	3.235914e-01	5.556149e-02	4.528391e-01	-4.805754e-01	-8.755023e-02	-4.619601e-01	-5.153813e-01	2.388903e-01	1.367474e-01	-2.795884e-01	-3.781575e-01	-3.584625e-01	-1.031327e-02	-1.437189e-01	-3.513333e-01	-3.133381e-01	-1.974411e-01	-2.866693e-01	-2.452762e-01	4.046240e-01	8.720152e-02	2.973410e-01	1.950959e-01	-4.710572e-03	6.116008e-01	1.946245e-01	2.408386e-02	2.410772e-01	3.337791e-01	7.111420e-02	-9.657937e-02	-4.476535e-02	-1.205554e-03	1.100936e-01	7.248508e-02	-1.928400e-01	5.942126e-02	2.933076e-01	-3.783122e-01	3.724389e-01	-1.856955e-01	3.149447e-01	9.443823e-02	5.243344e-01	4.808604e-01	-4.315551e-01	-1.956175e-01	6.706480e-02	-2.670490e-01	5.427837e-01	-4.407521e-01	-1.635820e-01	8.068156e-01	-2.941771e-02	3.822792e-01	-3.818960e-01	-2.389264e-01	4.792803e-01	2.864516e-01	-2.978720e-02	-6.378860e-01	1.863118e-01	2.803322e-01	4.913586e-01	2.888156e-01	-5.704753e-01	-5.392063e-01	3.048687e-01	-5.343806e-01	-1.760480e-02	5.353305e-01	-2.425766e-01	-8.268072e-02	1.771948e-01	1.909334e-01	1.514962e-02	3.020269e-01	1.965122e-01	-2.039768e-01	9.560495e-03	-4.351386e-01	-1.815169e-01	-3.636034e-01	-8.117385e-02	1.509586e-01	-4.608006e-02	-2.673962e-01	3.004129e-02	-3.576478e-02	-2.454729e-01	-3.063195e-01	-1.261648e-01	4.293717e-03	8.222725e-02	-2.686533e-01	-1.963143e-01	-4.264333e-01	-1.244872e-01	2.623841e-02	-8.094265e-02	4.652881e-01	1.494996e-01	1.032850e-01	-3.969211e-01	1.296612e-01	-5.307173e-01	-5.130426e-01	-2.630113e-01	-4.837398e-01	-4.052615e-01	-2.567378e-02	2.940268e-01	4.453999e-01	-4.113611e-01	-1.416202e-02	-3.776185e-01	8.005243e-03	-7.064118e-03	1.658978e-01	-7.103792e-01	-3.327272e-01	2.484315e-01	2.993460e-01	1.106577e-01	-8.296378e-01	-1.330327e-01	1.622431e-01	-8.589332e-02	2.449667e-01	-1.301078e-01	-2.316224e-01	-2.709023e-01	8.665548e-02	-1.315888e+00	-1.498128e-02	-3.708868e-01	-9.294923e-03	2.071988e-01	3.635615e-01	6.445814e-01	-2.632784e-01	-7.127893e-02	6.718495e-02	-4.515811e-01	-1.848723e-01	-2.973967e-01	-2.155265e-01	3.191182e-01	3.606361e-01	-5.702929e-02	4.203790e-01	-4.770191e-01	-6.399642e-01	3.379552e-01	-1.719753e-01	9.835207e-02	-9.860313e-02	-1.257516e-01	-5.737212e-01	6.604586e-01	9.397000e-02	3.474854e-01	-4.440530e-01	-8.395201e-01	-1.739172e-02	-6.981269e-01	-1.560011e-01	-1.356470e-01	1.588834e-01	2.270403e-02	-4.037178e-01	-1.827197e-01	1.070882e-01	6.921910e-02	1.794188e-01	1.406373e-01	-4.569626e-01	-1.172716e-01	-1.106843e-01	-8.799860e-02	4.258456e-02	4.943629e-01	-1.706382e-01	-2.435371e-01	6.731465e-03	-6.746973e-01	3.202290e-01	5.948230e-02	6.943517e-02	-3.984578e-01	9.851018e-02	4.097264e-01	-3.166983e-01	-1.254931e-01	-7.006572e-01	1.500891e-01	-5.196175e-01	-7.169161e-01	-6.166835e-01	7.288966e-02	4.004687e-01	6.295766e-01	-2.760659e-01	2.991550e-01	3.741934e-02	4.446850e-01	-5.458246e-02	-4.364263e-01	2.618243e-01	-1.050867e-01	-7.366701e-01	1.948970e-01	-2.929060e-01	2.436989e-01	3.002616e-01	-6.149105e-01	-1.367863e-01	1.084212e-01	-2.321426e-02	5.811868e-01	7.326076e-02	1.743821e-02	7.398469e-01	5.677981e-01	-2.032681e-01	3.899371e-01	1.039164e-01	-3.975798e-01	-2.601173e-01	8.906399e-02	-4.394652e-01	1.955957e-01	-1.215127e+00	-1.931331e-01	2.258753e-01	2.984186e-01	1.512399e-01	-2.613856e-01	1.597645e-01	-3.152986e-01	-4.032893e-01	5.631918e-02	3.789005e-01	-1.836985e-01	7.971104e-02	4.059669e-01	6.549624e-02	-1.286045e-01	-1.790976e-01	-1.421155e-01	1.593180e-01	3.203145e-01	-1.544282e-01	-3.806867e-01	1.937632e-01	4.640509e-01	1.891014e-01	1.737005e-01	4.883222e-01	-2.915849e-01	2.238799e-01	2.066346e-01	9.363410e-01	-2.950290e-01	-4.611486e-01	2.355695e-01	3.862265e-01	5.074496e-01	-7.672475e-02	3.303437e-03	-2.488338e-01	-2.981779e-01	-2.769270e-01	-4.909162e-01	-5.483383e-02	-1.606159e-01	2.663530e-01	-3.500159e-01	4.456006e-01	2.050648e-01	-1.806303e-01	5.023614e-01	4.831174e-01	-6.426343e-01	5.218730e-02	-9.863546e-02	-4.274022e-01	-3.203059e-01	4.327381e-02	-6.794817e-01	6.186896e-02	-2.238654e-01	1.211911e-01	-3.370826e-02	9.716032e-02	8.567749e-02	1.135418e-01	6.033167e-01	-8.081208e-01	1.463385e-01	3.149187e-01	-1.819845e-01	1.216467e-01	1.196509e-02	-2.805622e-01	-1.410097e-01	1.178955e-01	-3.090920e-01	1.569055e-01	3.418310e-01	-2.233107e-01	6.777444e-02	-2.164984e-02	3.616690e-01	-1.927315e-03	1.180944e-01	-6.136099e-01	5.034509e-02	-4.223207e-01	-3.163181e-01	3.010098e-02	2.700502e-01	1.842675e-01	-2.104451e-01	4.336547e-01	-6.264216e-01	1.260607e-01	-1.087076e-02	-3.145784e-01	2.940724e-01	-3.258226e-01	5.967250e-01	1.443136e+00	-7.228853e-01	1.873163e-01	-1.528090e-01	-1.799362e-01	-9.784676e-02	-4.220469e-01	2.139222e-01	-1.904687e-01	1.952243e-01	-1.719663e-02	5.296557e-02	1.609098e-01	5.528881e-01	-5.587069e-02	-2.086466e-01	2.412155e-01	-3.758791e-01	-1.290333e-01	-4.430666e-01	-3.528414e-01	-8.073860e-03	4.153121e-02	1.976811e-01	-5.786024e-03	3.360626e-01	1.713605e-01	5.298622e-01	-6.862000e-01	-3.072992e-01	-6.624718e-01	7.609073e-01	-4.379052e-01	5.602701e-01	-2.428859e-01	-5.087934e-01	-2.390209e-01	1.682698e-01	-1.471073e-01	-1.862810e-01	-1.443227e-01	5.243102e-02	-1.190238e-01	6.402098e-01	-6.030785e-02	5.094240e-01	2.079478e-01	-6.776821e-02	-1.062979e-01	1.995401e-02	1.753251e+00	-1.651691e-01	4.817346e-02	1.480979e-01	-1.950359e-01	-3.314369e-01	-5.433382e-01	-3.342724e-01	-6.045260e-01	3.239523e-01	-6.478378e-01	4.017683e-02	9.398611e-02	-7.176548e-01	5.319908e-01	-3.024280e+01	-4.813571e-02	1.102243e-01	-1.825287e-01	-5.556874e-02	-1.218830e-01	7.354546e-02	-1.271110e+00	6.734892e-01	-2.091466e-02	-1.931142e-01	-2.193312e-01	1.188943e-01	5.873786e-02	3.738339e-01	-1.958168e-01	-3.295670e-02	-3.796102e-01	-3.923255e-01	3.221413e-01	-5.715086e-01	-1.497660e-01	1.165060e-02	-5.159587e-01	6.947271e-01	-1.609796e-01	3.048964e-01	-3.158358e-01	-3.398424e-01	5.346188e-02	-5.497455e-01	-3.670430e-01	8.719773e-03	-2.549880e-01	6.994300e-03	2.101272e-01	2.517599e-01	7.398740e-01	1.343883e-01	3.056266e-01	8.007664e-02	9.072433e-02	3.884880e-01	-5.085750e-01	4.599785e-01	1.236320e-01	3.361599e-01	-1.918619e-01	-1.574868e-01	-5.358246e-01	3.777807e-01	-1.161070e-01	4.166805e-01	3.036548e-01	3.948735e-02	1.619888e-01	3.370172e-01	-7.212128e-02	-3.723265e-01	5.891310e-02	1.647893e-01	1.489609e-01	-9.456518e-02	-5.928110e-01	-4.194019e-01	-2.754193e-01	7.359356e-02	-1.315413e-01	-1.946363e-01	-1.564409e-01	-3.603905e-01	-4.306003e-01	-6.764977e-01	3.160913e-01	6.068395e-01	6.586447e-02	1.502135e-01	-1.638655e-01	-8.258773e-02	-8.442726e-01	-4.526500e-01	1.715776e-02	2.229523e-01	-3.591243e-01	-1.063047e-01	-6.078938e-01	-7.572473e-01	4.411699e-01	-1.948260e-01	2.108563e-01	-2.923460e-01	4.671949e-01	2.510856e-01	-1.622732e-01	-1.659544e-01	4.672849e-01	2.427136e-01	-8.917323e-01	-3.679482e-01	4.638258e-02	-7.461045e-01	-3.265002e-01	1.598527e-02	-1.397072e-01	5.130320e-01	1.005526e-01	-4.862816e-01	3.522937e-01	2.904074e-01	-2.616454e-01	8.758069e-02	-5.216765e-01	3.847192e-01	-5.421603e-01	-7.273870e-01	3.454182e-01	-1.081513e-01	3.927577e-01	8.411255e-02	1.271520e-01	-6.673457e-01	2.593345e-01	-2.925194e-01	-2.020739e-01	3.634640e-01	-1.752696e-01	1.260097e-01	1.609583e-01	-1.023989e-01	-1.639544e-01	-4.699571e-01	3.801212e-01	-9.599879e-01	-1.490980e-01	1.052798e-01	-9.437140e-03	-3.540359e-01	-1.811141e-01	-1.550615e-01	1.566568e-01	-1.022934e-01	2.381508e-01	4.745435e-01	2.596721e-01	-3.407484e-01	9.845538e-02	-2.878792e-02	2.173769e-01	-5.733461e-01	3.305051e-02	-6.045485e-01	6.066831e-01	-2.383863e-01	-2.539572e-01	-2.716580e-01	-4.899178e-01	-3.252262e-01	5.176993e-02	1.832906e-01	2.741953e-01	-1.373709e-01	-2.255264e-01	7.102779e-01	1.372166e-01	4.456227e-01	-4.702400e-01	-2.596758e-01	2.616344e-01	3.323604e-01	1.744930e-02	2.948504e-01	-9.644556e-01	3.973830e-01	-1.447288e-02	-5.094651e-02	3.560903e-01	-1.981995e-01	-5.112261e-01	6.102009e-01	2.213632e-01	5.779870e-01	3.961648e-01	4.643518e-01	6.934581e-01	4.544464e-01	1.637826e-01	-2.264380e-01	4.354955e-01	7.746077e-02	-2.893865e-01	-2.308998e-01	-7.925735e-02	-4.779236e-01	-1.060099e-02	2.508732e-03	-2.389852e-01	-1.187901e+00	1.522273e-01	3.271773e-01	2.169796e-01	1.191396e-01	-2.789979e-01	1.167145e-02	-5.962824e-02	2.849062e-01	1.732522e-01	3.092126e-01	-2.596995e-01	2.383810e-01	5.453618e-02	-3.858648e-02	-3.942836e-01	-1.777448e-01	2.386457e-01	-2.382956e-01	9.370949e-02	3.260699e-01	-1.812802e-01	-1.513796e-01	-6.971309e-01	1.815997e-01	-9.623124e-02	4.785979e-01	-3.803161e-01	-2.026142e-01	2.720464e-01	-5.939503e-01	7.793234e-01	-1.452595e-01	-7.915382e-03	7.745612e-02	-2.719561e-01	-2.661335e-01	-9.197039e-01	6.925861e-01	-1.133856e-01	-3.823770e-01	-4.039777e-01	7.531171e-02	-1.451108e-01	-3.448356e-01	6.998271e-03	6.457298e-01	-1.081300e-01	-3.427085e-01	-2.741696e-01	1.269537e-01	3.105829e-01	-3.327132e-01	-1.662340e-01	-6.112290e-01	6.310670e-01	3.302208e-01	7.282243e-01	3.866307e-02	-1.269260e-01	-2.302183e-01	1.273952e-01	-7.346954e-02	2.359672e-02	1.847599e-02	1.017358e+00	4.930137e-01	6.965156e-01	2.174064e-04	-2.659106e-01	-3.734405e-01	-1.957617e-01	4.388180e-01	-2.486923e-02	-1.435547e-01	5.945130e-01	9.473926e-01	5.802904e-01	4.276681e-01	-2.959342e-01	-2.362203e-01	1.685040e-01	-1.702103e-01	-4.888884e-01	2.647306e-01	-1.069398e-01	-7.136753e-01	-2.902331e-01	1.494687e-01	-1.733654e-01	-4.266098e-01	-2.701112e-01	5.732594e-01	2.044405e-01	-3.001390e-01	-2.619205e-01	-8.357715e-04	-1.897034e-03	-1.621668e-01	-5.329171e-01	-5.874930e-01	5.392374e-02	-8.579292e-01	1.181368e-01	-4.592479e-01	3.142717e-01	-3.013354e-01	-3.889381e-01	2.999552e-01	-1.672120e-01	2.522109e-01	2.198211e-01	4.428184e-01	-2.884143e-01	4.377485e-01	1.766184e-01	-2.934582e-01	6.300917e-01	-1.094868e+00	6.416911e-01	4.902498e-01	-2.147826e-01	-3.165404e-01	-1.673961e-01	6.144603e-01	4.705218e-01	-2.152808e-01	-8.047262e-02	-6.532474e-01	-6.340848e-01	-4.965641e-02	5.764747e-02	-8.491588e-02	1.768540e-01	3.743676e-01	4.295201e-01	1.469311e-01	-7.804077e-02	1.563463e-01	-2.906988e-01	-1.365809e-01	-1.230591e-01	-2.147745e-02	-5.335453e-01	-2.651056e-01	1.966817e-01	4.118052e-01	-6.152981e-01	2.400466e-01	-5.233437e-03	-4.087494e-01	-4.542307e-01	8.286513e-02	-1.250639e-01	2.196451e-01	4.693828e-01	4.160765e-01	-3.570736e-02	1.068938e-01	-1.831524e-01	1.801087e-02	8.342127e-01	-5.934062e-03	-2.177017e-01	-5.765138e-01	-2.760184e-01	1.663151e-01	2.766848e-01	-1.493882e-01	-3.117400e-01	-6.193375e-01	-2.612265e-01	-2.462576e-01	-9.147996e-02	-2.593827e-01	1.942035e-01	1.023510e+00	1.299610e-01	-3.544070e-01	-2.513909e-01	-2.927091e-01	-1.550326e-01	2.685917e-01	3.431896e-01	-3.670703e-02	-3.918377e-01	4.810364e-03	-3.822895e-01	-2.259602e-01	1.029787e-01	-2.806464e-01	1.813449e-01	-1.305417e-01	2.833604e-02	2.355974e-01	1.167032e-01	-4.223169e-02	1.404307e-01	1.485231e-01	4.473265e-01	1.132374e-01	1.418345e-01	6.402554e-02	2.328526e-01	3.181604e-01	-3.243802e-01	3.575076e-01	-1.940040e-01	2.442179e-01	-2.301386e-02	-1.825363e-01	1.825858e-01	-1.074136e-01	-4.859839e-01	5.663052e-01	5.968480e-02	2.620571e-01	3.240624e-01	3.045063e-01	5.263751e-01	-3.051547e-01	-4.532215e-01	-1.504039e-01	-4.354749e-01	5.677412e-01	-1.980209e-01	8.390450e-02	2.043434e-01	-4.100059e-02	-1.477307e-01	-3.760608e-01	-1.306939e-01	1.758879e-02	6.137674e-01	-4.482139e-01	8.394990e-02	2.970280e-01	-4.915678e-01	1.405785e-02	-4.544471e-02	-1.958835e-01	-5.586419e-01	1.472776e-01	1.439656e-01	1.754450e-02	6.060751e-01	-2.092749e-01	-1.836209e-01	-1.872196e-01	5.724272e-01	-2.323562e-01	2.279976e-01	1.352834e-02	-4.864707e-01	-3.254846e-02	-1.250865e+00	-3.039256e-01	-3.283125e-01	-1.338385e-01	1.385272e-01	1.466411e-01	-3.028362e-01	1.936760e-01	-2.939984e-02	-4.577078e-01	-8.681120e-02	-3.801588e-01	-5.880443e-01	-3.201980e-01	-9.818351e-01	-3.140766e-01	-1.896971e-01	-2.611081e-01	-1.684944e-01	-1.705060e-02	5.940958e-01	1.548172e-01	-6.935308e-03	3.879234e-01	6.638811e-03	2.120169e-01	-2.423489e-01	-5.551085e-01	-2.062613e-01	-5.315249e-01	-1.042169e-02	1.988796e-01	3.078277e-01	-4.308624e-01	-2.802584e-02	-2.325382e-01	-1.239854e-01	3.885188e-01	2.696138e-01	-6.611253e-01	-8.437353e-01	3.266380e-01	5.886769e-01	-1.754688e-01	-3.120369e-01	5.998599e-02	-4.406346e-01	-6.386294e-02	3.397222e-01	-6.876135e-02	-3.319920e-01	6.806828e-03	7.334829e-02	2.541102e+00	-6.915035e-02	-6.995491e-01	-2.069185e-01	5.083166e-01	4.653851e-01	2.798548e-01	-3.534229e-02	-6.506470e-01	1.392852e-01	-1.415155e-01	-1.106209e-01	-1.128027e-01	-4.060670e-01	1.344859e-01	3.487239e-01	-9.767000e-02	1.688676e-01	-1.533340e-01	-6.937867e-01	3.171910e-01	2.475277e-01	-4.145193e-02	-2.130372e-01	-3.513142e-01	-6.840764e-01	7.501537e-01	5.467575e-02	-7.901016e-01	-6.270949e-01	-4.858557e-01	7.122225e-02	-7.070601e-01	-7.692271e-01	-3.062972e-02	4.468567e-01	3.526957e-02	-1.930427e-01	-9.794167e-02	2.881827e-03	-2.014896e-02	-3.845693e-02	1.266125e-01	-4.165097e-01	-4.302600e-02	7.063407e-02	-1.646447e-01	-5.368555e-02	2.884423e-01	-1.198178e-01	-3.305652e-01	-9.784448e-02	-7.578965e-01	2.530107e-01	2.663797e-01	6.552632e-03	-3.765470e-01	5.488306e-02	4.983629e-01	-2.378061e-01	-2.070771e-02	-6.311449e-01	2.649064e-02	-2.042496e-01	-6.092829e-01	-4.841951e-01	4.458354e-02	4.193256e-01	5.659950e-01	-2.764504e-01	2.033165e-02	1.577809e-01	4.315527e-01	-1.914599e-01	-6.145148e-01	3.039472e-01	-2.016010e-01	-7.885787e-01	6.680158e-02	-1.069740e-01	3.994047e-01	3.191705e-01	-3.521442e-01	-3.965886e-01	2.154332e-01	2.232114e-02	4.431180e-01	1.286810e-01	-1.313192e-01	9.796333e-01	5.163532e-01	-2.237190e-02	4.530628e-01	1.089783e-02	-4.274522e-01	-3.568285e-01	1.523638e-01	-2.962158e-01	2.569457e-02	-1.110167e+00	-1.666672e-01	1.083530e-01	4.238778e-01	2.168450e-01	-2.843568e-01	1.606840e-01	-1.890082e-01	-8.107733e-02	-1.472562e-01	4.119364e-01	-1.750163e-01	1.846841e-01	7.086370e-02	-4.886795e-02	-6.556291e-02	-1.294006e-01	-1.836133e-01	-2.028244e-02	1.425748e-01	-2.452540e-01	-4.056449e-01	3.136712e-01	2.568045e-01	1.549678e-01	2.746837e-02	2.371557e-01	-7.473268e-02	2.081296e-01	2.098189e-01	6.937684e-01	-3.613980e-01	-2.164208e-01	-9.332452e-02	2.983319e-01	2.866130e-01	-1.232382e-01	-6.300593e-02	-1.564410e-01	-8.526742e-02	-2.707636e-01	-4.120626e-01	-3.627620e-02	-1.189651e-01	4.671327e-02	-4.394111e-01	4.046338e-01	1.543721e-01	-1.371525e-01	3.673842e-01	4.880467e-01	-4.166389e-01	1.548086e-01	-3.017733e-02	-4.326520e-01	-1.779328e-01	-8.022527e-02	-3.033968e-01	-3.335268e-02	-2.342391e-01	1.279625e-01	-3.012222e-01	2.495265e-02	3.752859e-02	2.546708e-02	4.972946e-01	-8.317986e-01	4.118051e-02	3.624695e-01	-1.749167e-01	2.273585e-01	7.682519e-02	-2.760777e-01	-8.094044e-02	6.201130e-02	-2.109034e-01	2.574810e-01	1.630500e-01	-1.951841e-01	-9.787196e-02	1.521474e-01	4.466625e-01	-5.859707e-02	5.391995e-03	-4.870877e-01	-6.172753e-02	-3.609992e-01	-1.271857e-01	1.828400e-01	9.933297e-03	2.986435e-01	-9.412938e-02	6.103782e-01	-4.475504e-01	5.496982e-02	-1.078354e-01	-2.260269e-01	4.074392e-01	-1.951042e-01	5.383312e-01	1.591379e+00	-4.351330e-01	3.056515e-01	-3.320821e-01	-1.817089e-01	-1.351454e-01	-4.406602e-01	-2.114734e-02	-2.240796e-01	6.828991e-02	7.683396e-02	5.716025e-02	4.712821e-01	4.360295e-01	2.345491e-04	-2.437237e-01	1.638446e-01	-5.012787e-01	-5.282473e-02	-2.307575e-01	-1.033274e-01	2.069459e-01	1.554294e-01	1.748705e-01	-4.803791e-02	4.270708e-01	9.620282e-02	4.604129e-01	-5.388226e-01	-4.833988e-01	-5.012597e-01	7.591335e-01	-6.068968e-01	-4.056687e-01	-9.128720e-02	-5.687732e-01	-3.379341e-01	1.072749e-01	-5.608841e-03	-6.085093e-03	-2.401593e-01	1.642002e-01	2.329934e-02	6.218883e-01	-5.021534e-02	3.118286e-01	1.130301e-01	-1.592880e-01	-4.063235e-02	2.248158e-01	1.595076e+00	-3.202944e-01	-1.045570e-02	2.976859e-01	-2.927322e-01	-3.591085e-01	-4.729647e-01	-5.742603e-01	-6.165639e-01	1.789447e-01	-6.157870e-01	1.557949e-01	2.576566e-02	-5.870247e-01	6.023774e-01	-2.392187e+01	3.266307e-02	1.391267e-01	6.074183e-03	9.799732e-02	-2.931677e-01	-1.634377e-01	-1.076779e+00	5.522208e-01	-2.618797e-01	-1.684867e-01	-2.623450e-01	1.373882e-03	-2.964946e-01	3.689118e-01	-1.785866e-01	-1.518521e-01	-4.067180e-01	-4.957801e-01	2.298600e-01	-2.805567e-01	-1.764869e-01	1.776428e-01	-3.967071e-01	6.255597e-01	-1.769711e-01	5.235402e-01	-2.703021e-01	-4.469207e-01	1.815212e-01	-6.943302e-01	-3.057742e-01	7.586063e-02	-1.959021e-01	-6.972566e-02	4.169529e-01	-1.726897e-02	5.821400e-01	-1.198617e-02	3.736941e-01	2.232548e-02	5.400323e-02	3.851242e-01	-2.349392e-01	3.590201e-01	2.092041e-01	1.893847e-01	-1.301444e-02	-9.896283e-02	-6.684356e-01	3.723796e-01	-5.809512e-02	4.519254e-01	4.082438e-01	-1.309916e-01	1.985999e-01	2.604168e-01	5.798221e-02	-1.414404e-01	3.557376e-02	-1.638436e-02	-1.342084e-02	-1.018172e-01	-3.173489e-01	-4.176888e-01	-2.811135e-01	-6.099768e-02	-1.434927e-01	-2.171049e-01	8.614184e-02	-2.299279e-01	-3.676923e-01	-6.217441e-01	1.720352e-01	3.924617e-01	2.852522e-01	-1.895173e-02	-8.976407e-02	-2.824854e-01	-7.137250e-01	-4.440366e-01	-4.397768e-02	2.122365e-01	-2.985363e-01	-1.533014e-01	-5.000077e-01	-7.688944e-01	5.496687e-01	-3.981698e-01	1.517439e-01	-1.338764e-01	6.398949e-01	2.249871e-01	-1.513750e-01	-2.033935e-01	2.672236e-01	9.094399e-02	-7.303646e-01	-2.677365e-01	2.153363e-02	-6.095748e-01	-3.278388e-01	1.461035e-01	-9.970740e-02	4.014890e-01	1.291275e-01	-2.191988e-01	3.982939e-01	2.401622e-01	-1.105031e-01	1.781469e-01	-4.152738e-01	4.737535e-01	-6.992219e-01	-6.760775e-01	1.138052e-01	-4.605089e-02	4.935837e-01	1.029826e-01	-1.265589e-01	-7.339287e-01	1.311353e-01	-8.540595e-02	-2.815726e-01	2.061262e-01	-2.993809e-01	1.604093e-01	1.376731e-03	-1.438584e-01	-1.716126e-02	-5.606160e-01	3.423479e-01	-7.294269e-01	-2.459332e-01	-3.922088e-03	-8.904050e-02	-2.937605e-01	-4.801723e-02	-2.630247e-01	-1.768099e-01	1.801533e-02	3.017484e-01	2.926382e-01	1.879257e-01	-4.048356e-01	1.413272e-01	2.083604e-01	2.583223e-01	-3.679276e-01	1.516128e-01	-3.346248e-01	5.060999e-01	-7.041419e-02	-2.872072e-01	-3.457179e-02	-3.888157e-01	-4.006935e-01	-1.176763e-02	1.694209e-02	2.860311e-01	-1.958732e-01	-1.800403e-01	5.861515e-01	2.790047e-01	6.460719e-01	-2.762765e-01	-1.710586e-01	1.807281e-01	3.238840e-01	-2.327816e-01	2.704375e-01	-6.823819e-01	3.980215e-01	-1.392764e-01	5.023632e-02	3.952667e-01	-4.260840e-02	-2.936177e-01	4.324254e-01	2.522687e-01	5.300819e-01	2.728834e-01	4.666501e-01	7.715111e-01	3.475921e-01	1.657200e-01	-1.794095e-02	4.084387e-01	6.227942e-02	1.010473e-02	-1.766085e-01	-1.744384e-01	-6.596090e-01	1.037349e-01	1.108388e-01	-2.307218e-01	-4.609559e-01	1.014060e-01	3.792212e-01	3.191619e-01	1.939373e-01	-9.565290e-02	7.182644e-02	3.978143e-02	3.973024e-01	2.406047e-01	2.651923e-01	-3.146922e-01	3.363905e-01	1.336974e-02	4.267362e-02	-2.825566e-01	-2.540722e-02	9.285011e-02	-2.966108e-02	2.628760e-01	4.502125e-01	-6.718039e-02	1.433588e-02	-5.464007e-01	1.133051e-01	-1.045452e-01	2.069260e-01	-1.059294e-01	-8.013629e-02	3.027565e-01	-4.419268e-01	6.349014e-01	-5.581652e-02	1.308871e-01	4.339420e-02	-1.775109e-01	-2.282226e-01	-6.907088e-01	7.924064e-01	-1.794827e-01	-3.677174e-01	-2.577405e-01	9.895642e-02	-2.107230e-01	-3.163992e-01	-6.588209e-03	7.093751e-01	6.200120e-02	-1.285593e-01	-3.148330e-01	2.329739e-01	1.755893e-01	-2.919770e-01	-9.226725e-02	-4.360901e-01	4.498177e-01	5.199169e-01	7.467150e-01	8.330005e-02	-3.384796e-01	-3.366241e-01	3.856383e-01	3.668489e-02	-3.915860e-02	9.956330e-03	8.663215e-01	3.524274e-01	5.765250e-01	1.587143e-01	-1.388147e-01	-3.352852e-02	-3.055758e-01	3.643392e-01	1.156544e-01	1.252260e-01	5.264154e-01	5.880221e-01	5.085250e-01	3.948050e-01	-3.682041e-01	-1.096012e-01	1.302940e-01	-1.125148e-01	-3.707257e-01	5.675893e-02	-2.991741e-02	-5.305061e-01	-1.613854e-01	-3.587733e-02	-1.892020e-01	-3.355652e-01	-3.695324e-01	3.843874e-01	1.872597e-01	-1.465044e-01	-2.399114e-01	-3.858535e-02	2.263295e-01	-7.280796e-02	-6.144619e-01	-4.711733e-01	1.657344e-01	-6.093716e-01	7.315829e-02	-5.221809e-01	4.575653e-01	-1.389259e-01	-3.700279e-01	2.179058e-01	-1.229480e-01	2.466221e-01	1.266461e-01	5.063645e-01	-3.244455e-01	4.105895e-01	2.189120e-01	-3.445839e-01	6.657053e-01	-1.045794e+00	6.342288e-01	3.229449e-01	-2.999677e-01	-2.723223e-01	-1.535533e-01	3.893611e-01	3.783410e-01	-3.400187e-01	-2.716325e-02	-5.676193e-01	-6.165509e-01	-4.837404e-02	6.952551e-02	-1.099257e-01	2.039504e-02	4.160321e-01	2.415949e-01	1.746884e-01	1.181915e-01	2.115439e-01	-2.073135e-01	-1.577780e-01	-1.893117e-01	-7.856862e-02	-3.402358e-01	-2.720381e-01	1.603246e-01	3.622076e-01	-4.969595e-01	1.745278e-01	-7.742598e-02	-3.889424e-01	-3.501195e-01	3.488471e-02	-4.970258e-02	1.325129e-01	3.733996e-01	2.948231e-01	6.072513e-02	2.426925e-01	-6.682676e-03	1.463892e-01	8.109218e-01	-7.560496e-02	-1.709140e-01	-6.739792e-01	-1.350207e-01	1.101489e-01	1.612464e-01	-3.060578e-01	-1.868763e-01	-5.141317e-01	-3.166794e-01	-1.484404e-02	-5.461111e-02	-3.723505e-01	1.809058e-02	1.146064e+00	4.164177e-02	-2.622029e-01	-2.207868e-01	-1.884201e-01	-1.362865e-01	1.191882e-01	4.040068e-01	-1.100926e-01	-2.863937e-01	-1.825687e-02	-5.374931e-01	-1.344614e-01	2.829753e-01	-1.347070e-01	2.182273e-01	1.635574e-02	2.282256e-01	1.741841e-01	3.026770e-01	-3.528427e-02	6.232795e-02	2.396071e-01	3.693193e-01	1.422437e-01	7.731440e-03	9.370825e-03	3.686618e-01	3.148710e-01	-3.679435e-01	1.535136e-01	-1.140828e-01	3.450359e-01	-3.460724e-02	-2.551791e-01	1.790750e-01	-1.286711e-01	-4.423572e-01	5.653271e-01	2.361882e-01	3.120277e-01	3.870302e-01	2.731082e-01	7.210211e-01	-3.126215e-01	-3.643773e-01	-1.503851e-01	-4.215760e-01	4.771427e-01	-1.932793e-01	1.873317e-01	5.087455e-02	-1.990658e-02	-2.222512e-01	-3.061505e-01	3.290456e-02	-1.791572e-01	5.214596e-01	-5.193831e-01	2.310388e-01	1.013217e-01	-1.969313e-01	5.770252e-02	-9.193624e-02	-9.656093e-02	-3.700794e-01	1.311947e-02	2.951325e-01	1.236270e-03	4.276437e-01	-1.216515e-01	-1.152336e-01	-2.461891e-01	5.165931e-01	-1.298969e-01	1.495676e-01	-1.069671e-02	-4.208721e-01	-8.519643e-02	-1.049354e+00	-3.693670e-01	-2.802424e-01	-1.141489e-01	2.354546e-01	1.426462e-01	-3.595524e-01	3.887155e-01	-1.626414e-01	-8.762224e-02	-6.963485e-02	-5.219077e-01	-5.679056e-01	-3.280759e-01	-8.628990e-01	-1.829150e-01	-9.681738e-02	-1.207614e-01	-2.829950e-01	-1.095395e-02	4.888311e-01	7.714065e-03	-1.256004e-01	2.766500e-01	-5.787517e-02	4.329791e-01	-2.066092e-01	-4.372522e-01	-1.721789e-01	-3.917720e-01	9.461662e-02	1.798927e-01	4.383308e-01	-4.832894e-01	1.326005e-01	-1.186655e-01	-7.460556e-02	5.462478e-01	1.445588e-01	-4.176564e-01	-7.259723e-01	4.262024e-01	3.730501e-01	-2.303294e-01	-2.047879e-01	2.918500e-01	-4.332989e-01	-2.173978e-01	1.046529e-01	1.167370e-01	-2.390080e-01	1.324128e-01	1.707876e-01	3.044788e+00	1.215494e-01	-6.339322e-01	-1.039497e-01	6.420868e-01	4.393458e-01	8.027790e-02	-1.145937e-01	-6.228693e-01	9.290013e-02	-5.331035e-02	-1.879451e-01	-6.860118e-02	-2.373756e-01	9.756374e-02	1.567270e-01	-1.133234e-02	9.398086e-02	-1.010524e-01	-3.699077e-01	2.063357e-01	-7.055770e-02	-2.341546e-01	-2.796915e-01	-3.394523e-01	-5.474543e-01	3.164991e-01	1.217460e-01	-8.356556e-01	-3.534986e-01	-2.954876e-01	1.322419e-01	-8.267159e-01	-6.970450e-01	-3.661396e-02	4.618754e-01	-8.737153e-03	-5.275735e-02	-1.728077e-01	-6.098082e-02	9.681861e-02	-1.047659e-01	1.289454e-01	-1.822914e-01	8.632990e-02	-1.464374e-02	-2.764873e-01	9.536690e-02	3.027804e-01	-2.177242e-01	-4.171788e-01	2.441131e-02	-7.052664e-01	2.195308e-01	3.573553e-01	-8.808012e-02	-4.204468e-01	4.368581e-02	2.178317e-01	-1.402061e-01	-1.970422e-01	-5.301767e-01	-2.183438e-02	-2.207035e-01	-4.217176e-01	-3.219708e-01	7.786709e-03	1.638330e-01	5.912600e-01	-2.250606e-01	-6.500106e-02	-1.492949e-01	4.741667e-01	-2.648159e-01	-6.733584e-01	3.314897e-01	-2.782693e-01	-6.623621e-01	1.551029e-02	1.254016e-01	2.806942e-01	4.008557e-01	-3.675109e-01	-6.148447e-01	3.418905e-01	-1.681698e-03	2.164674e-01	4.123771e-02	-5.162988e-02	1.153353e+00	4.081682e-01	1.385619e-01	3.580089e-01	-2.642684e-02	-3.862774e-01	-3.984916e-01	1.018624e-01	-3.952616e-01	-4.538293e-02	-5.706912e-01	-2.122671e-01	1.266025e-01	4.150875e-01	2.115375e-01	-2.339204e-01	1.030154e-01	-1.920038e-01	-5.813371e-02	-3.149064e-01	1.644176e-01	-2.105926e-01	3.109336e-01	-7.867918e-02	-2.555206e-01	-3.258712e-01	-8.318277e-02	-9.942820e-02	-9.530985e-02	4.004874e-01	-1.517851e-01	-4.827497e-01	2.798394e-01	1.735782e-01	2.220379e-01	1.344387e-02	3.278566e-01	9.185906e-03	1.720564e-01	2.054121e-01	1.410671e-01	-3.281224e-01	-2.970699e-02	-6.371152e-02	3.592005e-01	-7.389669e-03	-1.128800e-02	-1.461273e-01	-1.243786e-01	1.418736e-01	-2.635761e-01	-3.151645e-01	-1.562231e-03	6.510019e-02	2.253039e-02	-3.988003e-01	3.831066e-01	1.199584e-01	-3.190019e-01	4.219129e-01	3.056769e-01	-2.728183e-01	4.274430e-02	-8.637244e-02	-1.890509e-01	-1.707968e-01	-2.866118e-02	-1.997548e-01	-2.707568e-01	-1.189306e-01	6.708204e-02	-2.554545e-01	8.527055e-02	7.969727e-02	-8.627401e-02	3.945793e-01	-9.142640e-01	1.635955e-01	3.415620e-01	-1.538010e-01	5.302431e-02	1.058171e-01	-2.717158e-01	1.244838e-01	-5.964218e-03	-7.314041e-02	9.199464e-02	2.985903e-01	-1.193326e-01	-2.363309e-01	1.662047e-01	3.915656e-01	-2.534738e-01	7.228307e-02	-2.500537e-01	3.890276e-02	-2.947729e-01	-2.219063e-01	2.672392e-01	-6.426784e-04	2.500292e-01	-6.512061e-02	5.072285e-01	-2.141332e-01	-8.506817e-02	-1.626191e-01	-1.519468e-01	3.653882e-01	-1.699228e-01	2.019808e-01	1.632289e+00	-2.957006e-01	2.232635e-01	-3.081995e-01	-1.832250e-01	-8.707856e-02	-3.939292e-01	-1.243682e-01	-8.426151e-02	9.203006e-02	9.881671e-02	5.045903e-02	3.408946e-01	3.319888e-01	-3.106480e-02	-4.209608e-01	1.258450e-01	-3.855560e-01	-1.370587e-01	-1.808571e-01	-3.138746e-01	2.288069e-01	3.252017e-01	8.742252e-02	-1.864069e-01	3.640529e-01	2.134195e-01	3.114396e-01	-4.352218e-01	-1.844005e-01	-4.654474e-01	5.792903e-01	-5.399164e-01	-5.708878e+00	5.962643e-03	-8.124682e-01	-6.240935e-02	2.747705e-02	1.110624e-01	-2.309497e-01	-3.381443e-02	3.115160e-01	8.089364e-02	5.569307e-01	1.734920e-02	2.665512e-01	-1.033374e-01	-1.943561e-01	2.065510e-01	2.001337e-01	1.469459e+00	-2.742575e-01	-7.344871e-02	3.962637e-01	-1.275077e-01	-3.046413e-01	-3.887821e-01	-5.777018e-01	-4.103540e-01	1.896360e-01	-7.067096e-01	5.795958e-02	-5.060738e-02	-5.893917e-01	4.554757e-01	-1.772339e+01	1.946653e-01	2.554935e-01	2.764279e-02	1.378934e-01	-5.428677e-01	-6.871191e-02	-3.975976e-01	4.404708e-01	-2.904561e-01	-1.623237e-01	-2.188015e-01	6.735146e-02	-4.204125e-01	3.183863e-01	-4.382326e-01	-3.291625e-01	-5.655665e-01	-3.845689e-01	1.001846e-01	-1.139257e-01	-2.109933e-01	1.761228e-01	-3.347292e-01	4.820768e-01	-3.270887e-01	5.429667e-01	-3.561404e-01	-5.730029e-01	2.326527e-01	-5.890299e-01	-3.338652e-01	2.212095e-01	-1.859443e-01	-1.286957e-01	5.353455e-01	-1.404860e-01	3.624424e-01	-2.888962e-01	3.478840e-01	-6.498271e-02	1.700428e-01	2.777822e-01	-2.658685e-01	3.115898e-01	3.064492e-01	2.841771e-01	7.870697e-02	-1.074696e-01	-6.960362e-01	1.932527e-01	1.349360e-01	4.011944e-01	4.097030e-01	-2.163404e-01	1.474919e-02	3.874354e-01	2.045443e-01	-3.171574e-01	-1.194449e-01	-8.070433e-02	1.303276e-02	-8.759122e-02	-1.414765e-01	-4.793433e-01	-1.376922e-01	2.216229e-02	-1.056089e-01	-3.984022e-01	1.327079e-01	-1.379229e-01	-1.065084e-01	-4.877761e-01	1.129420e-02	1.841133e-01	3.683369e-01	-2.047381e-01	6.490295e-02	-4.048225e-01	-4.545330e-01	-3.388989e-01	-1.193921e-01	-9.467143e-02	-3.399600e-01	-1.634803e-01	-3.552545e-01	-8.778833e-01	4.247623e-01	-6.307284e-01	-1.250680e-01	-7.208975e-02	3.782855e-01	2.817998e-01	-2.038289e-01	-2.953400e-01	-7.298360e-02	-5.800639e-02	-6.694578e-01	-1.534419e-01	1.734587e-01	-2.822842e-01	-4.678239e-02	-2.983773e-02	8.901746e-02	3.727488e-01	9.429122e-02	-7.839267e-02	4.110802e-01	3.018567e-01	9.138358e-02	1.423247e-01	-3.179158e-01	4.038179e-01	-7.756544e-01	-3.802981e-01	-1.167256e-01	6.251132e-02	5.137220e-01	1.217379e-01	1.145698e-01	-8.066546e-01	4.992661e-02	-7.928463e-02	-2.144289e-01	1.326586e-01	-3.380747e-01	1.841752e-01	-1.289981e-01	-7.853546e-02	-1.109180e-01	-5.607424e-01	1.290043e-01	-5.012867e-01	-1.613291e-01	2.531550e-02	-1.983763e-01	-4.922853e-02	-1.271315e-01	-9.480728e-02	-1.478999e-01	-3.689740e-02	1.580470e-01	4.940873e-01	8.278350e-02	-4.660334e-01	9.872846e-04	4.038526e-02	1.902603e-01	-3.806015e-01	2.886700e-01	-4.862181e-01	1.526079e-01	-4.887509e-02	7.909078e-02	-2.500522e-01	-5.750486e-01	-2.075858e-01	-1.912712e-02	-1.059673e-01	-3.062384e-02	-3.604716e-01	5.895218e-02	5.353680e-01	1.550502e-01	4.537432e-01	-1.004464e-01	-4.078925e-03	1.087230e-01	3.023146e-01	-2.462310e-01	2.073895e-01	-6.426102e-01	5.555511e-01	-1.442841e-01	-3.208326e-02	1.661800e-01	-2.434557e-01	-3.057053e-01	3.665652e-01	1.757718e-01	3.469823e-01	4.099418e-02	1.777357e-01	6.514730e-01	3.804488e-01	1.303098e-01	1.281554e-02	4.135439e-01	-2.154008e-01	2.822916e-02	-5.425469e-02	-1.825262e-01	-7.003884e-01	2.455023e-01	-1.459678e-01	-3.628795e-01	-1.899174e-01	1.774832e-01	3.920806e-01	5.568306e-01	3.039992e-01	6.975474e-02	8.485100e-02	-9.756629e-02	5.234062e-01	2.646310e-01	3.270044e-01	-1.890520e-01	4.167917e-01	1.126383e-01	-5.231294e-02	-1.933446e-01	-5.122563e-02	2.737051e-02	-2.432432e-02	3.180542e-01	2.857752e-01	-1.520718e-01	9.304153e-02	-9.107610e-03	2.816377e-01	-4.564365e-01	-2.928646e-02	1.385127e-01	5.859587e-02	2.958068e-01	-3.372125e-01	4.189186e-01	-7.964761e-02	1.412908e-01	-1.169044e-01	1.107017e-01	1.144968e-01	-6.793434e-01	7.156088e-01	-3.191036e-01	-3.413142e-01	-4.443466e-01	2.450418e-01	-3.040964e-01	-2.822666e-01	-7.191344e-02	6.820285e-01	1.658270e-01	-7.955972e-02	-1.896215e-01	1.324978e-01	1.708128e-01	-1.636483e-01	1.969386e-01	-1.418366e-01	3.697500e-01	4.976562e-01	8.590916e-01	1.060805e-01	-3.101459e-01	-1.839510e-01	3.515999e-01	4.992194e-02	-1.048889e-01	-3.981169e-02	8.142062e-01	2.572089e-01	4.329665e-01	-1.332602e-02	1.101668e-01	1.572184e-01	-4.279512e-01	2.917524e-01	1.429502e-01	2.464867e-01	3.317191e-01	4.182308e-01	3.270102e-01	5.561802e-01	-1.610084e-01	1.019640e-01	9.823900e-02	-2.004825e-01	-2.676286e-01	1.320966e-01	-1.513288e-01	-1.699327e-01	-9.508272e-02	-1.660615e-02	1.554173e-01	-9.708520e-02	-8.791616e-02	4.677092e-01	3.204490e-01	-3.440082e-02	-3.367832e-01	-2.538848e-01	2.610937e-02	1.450816e-01	-4.841090e-01	-1.827177e-01	9.849206e-02	-5.057660e-01	1.536903e-01	-5.358440e-01	5.497113e-01	1.583330e-01	-3.173482e-01	1.308898e-01	1.182694e-01	3.124186e-01	-8.683648e-02	3.469905e-01	-2.720866e-01	3.159631e-01	4.149795e-02	-3.560023e-01	3.505138e-01	-9.987093e-01	5.414106e-01	2.881177e-01	-2.798230e-01	-2.597988e-01	-4.170229e-01	3.938434e-01	1.719844e-01	-1.174731e-01	8.647227e-02	-4.436183e-01	-7.381649e-01	-4.505391e-02	2.532929e-01	-9.142216e-02	-5.839937e-02	1.919893e-01	2.747442e-01	3.603464e-01	-1.862650e-03	2.047258e-01	-2.096414e-01	-2.405934e-01	1.356967e-01	-1.827087e-01	-3.533515e-01	-1.089163e-01	1.342527e-01	3.185185e-01	-1.701359e-01	1.252189e-01	-5.285556e-02	-1.312654e-01	-1.125778e-01	-9.281264e-02	-1.257923e-01	5.075050e-02	1.267074e-01	1.705113e-02	7.226156e-03	3.345250e-01	-1.803502e-01	2.611014e-01	7.466807e-01	-8.801465e-02	8.388650e-02	-7.242219e-01	-2.006742e-01	-1.677657e-01	6.411088e-03	-8.207335e-02	-4.663794e-02	-3.244971e-01	-2.571090e-01	-5.796181e-02	1.406316e-01	-3.281266e-01	-1.204772e-01	1.256268e+00	-6.369009e-02	-2.204826e-01	-5.882035e-02	-3.418100e-02	-7.314556e-02	-7.535627e-02	3.053038e-01	8.575746e-02	-1.431201e-01	6.656233e-02	-3.926977e-01	-8.368600e-02	3.128537e-01	1.021447e-01	9.732811e-02	3.792905e-02	8.543078e-02	1.541608e-01	1.996289e-01	3.751494e-02	8.521929e-03	3.269497e-01	4.450525e-01	1.338126e-01	-1.482500e-01	-6.181702e-02	3.060136e-01	1.953792e-01	-1.928219e-01	2.885215e-01	-7.223604e-02	2.120419e-01	-1.824319e-03	-8.925248e-02	1.260945e-01	1.340218e-01	-1.463805e-01	3.387302e-01	3.074381e-01	-2.335688e-02	2.293054e-01	2.245829e-01	4.236378e-01	-2.343664e-01	-2.896726e-01	-1.165806e-01	-3.236742e-01	3.146643e-01	-2.425723e-01	2.850979e-01	-9.389000e-03	6.837733e-02	-3.519872e-01	-3.349633e-01	1.423044e-01	-1.938904e-02	2.914361e-01	-4.283315e-01	1.111036e-01	-2.073776e-02	-1.496377e-01	2.242514e-01	-9.380915e-02	1.711309e-01	-3.547400e-01	-2.060818e-02	2.392780e-01	-1.201111e-01	6.498725e-04	-1.620846e-01	5.886600e-02	-3.154831e-01	6.031602e-01	-1.655725e-01	7.449789e-02	-5.222445e-02	-4.256558e-01	-1.863449e-01	-9.827781e-01	-3.500316e-01	-4.006805e-01	-1.844685e-01	2.880338e-01	1.166874e-01	-2.202302e-01	3.778401e-01	-2.302499e-01	-1.068113e-02	-2.757551e-02	-3.786927e-01	-3.979846e-01	-1.915135e-01	-6.659535e-01	3.191717e-02	5.718776e-02	-5.998902e-02	1.308339e-01	1.527554e-01	5.524782e-01	-8.579537e-02	-2.924599e-01	4.779642e-01	-3.567124e-01	2.726550e-01	-1.178900e-01	1.713673e-01	-2.536561e-01	-1.436775e-01	1.527216e-01	3.160877e-01	1.368085e-01	-3.779160e-01	5.241663e-02	-2.439458e-02	-1.190216e-01	5.465474e-01	-9.151700e-02	-3.293822e-01	-6.401538e-01	2.185359e-01	3.278956e-01	-1.698086e-01	-4.776765e-02	5.814933e-02	-2.463030e-01	-1.222290e-01	6.431253e-02	9.023414e-02	-1.849280e-01	1.010126e-01	2.355457e-01	3.080028e+00	3.632176e-02	-3.700125e-01	-2.009385e-01	5.840645e-01	2.794962e-01	-4.509225e-03	1.377741e-01	-3.322658e-01	-5.558225e-02	-3.083642e-02	-1.235656e-01	-3.134017e-02	6.096360e-03	7.141253e-02	5.522172e-02	-1.094071e-01	2.523422e-01	-1.341693e-02	9.316201e-02	3.501301e-01	-5.549302e-02	-3.304625e-01	-1.422754e-01	-3.168288e-01	-4.012867e-01	3.542338e-01	1.048492e-01	-7.926269e-01	-2.526386e-01	-2.965496e-01	4.034967e-01	-5.749314e-01	-7.108024e-01	2.306751e-01	3.619630e-01	4.585258e-02	
2.285214e-02	-3.543268e-01	8.548503e-02	-8.011568e-03	2.570640e-01	8.711345e-03	-9.443907e-02	7.170587e-02	1.365785e-02	3.190770e-01	2.114055e-01	6.107014e-01	-1.149633e-01	-5.585706e-02	3.248728e-01	-4.307324e-01	6.337023e-01	-3.843426e-01	-2.270691e-01	1.534491e-01	-2.715414e-01	-1.714274e-01	3.310563e-01	-7.125233e-03	-3.762250e-01	9.349132e-01	-3.301633e-01	-1.102759e-01	-1.250308e-01	-3.791894e-01	-6.969469e-02	4.212916e-01	-2.864425e-01	4.512881e-01	2.812423e-02	2.940995e-01	-1.461575e-01	9.358393e-02	1.603535e-01	-3.508027e-01	-2.264870e-01	-1.553145e-01	-2.537339e-01	-1.192557e-01	1.974343e-01	-2.340534e-01	2.707897e-01	-9.749617e-02	8.779948e-02	1.234529e+00	1.403629e-01	-2.305519e-01	7.346168e-03	7.719223e-02	1.869184e-02	2.689957e-01	1.030031e-01	-1.116969e-01	7.171664e-02	8.690026e-02	-1.568463e-02	3.622077e-01	-7.608570e-02	5.715489e-02	-1.181544e-01	2.280169e-01	-1.874427e-02	7.076026e-02	1.682345e-01	7.882227e-01	-3.108476e-01	1.256370e-01	4.380179e-01	1.422973e-01	-3.014606e-01	7.463696e-01	6.045171e-02	-1.994375e-01	-4.513540e-01	-4.613827e-01	5.331991e-01	4.639097e-01	2.400205e-01	-1.442573e-01	1.236210e-01	6.707295e-01	4.660879e-01	8.143312e-02	8.854366e-01	-5.309817e-01	3.300294e-02	2.450005e-02	9.375447e-01	2.253219e-01	-2.702345e-01	8.140383e-01	1.010347e-01	5.040009e-01	5.835528e-02	4.469639e-02	-1.064846e-01	4.571123e-02	1.331932e-01	-2.137858e-01	3.786953e-01	-2.768819e-01	2.197988e-01	-4.444043e-02	-1.154305e-02	3.703896e-01	2.650068e-01	8.052335e-02	2.773888e-01	-4.160115e-01	2.066233e-01	-2.473662e-01	-1.980922e-02	8.418342e-02	5.321910e-01	-4.005349e-01	1.148763e-01	1.100381e-02	4.140747e-02	3.162301e-01	1.589682e-01	-3.271802e-01	-4.845275e-02	2.260269e-01	-2.277671e-01	-1.401398e-01	-2.951722e-01	-2.496175e-01	3.957003e-02	1.222734e-01	2.002719e-01	-1.374447e-01	5.549780e-02	-1.812437e-01	1.850091e-02	8.603184e-01	-2.962879e-02	1.408815e-01	-4.527879e-01	-2.689869e-01	-1.405338e-01	-1.652296e-01	-4.614812e-01	3.699591e-01	-4.031256e-01	-3.373705e-01	-1.931051e-02	2.827156e-01	3.311165e-01	1.586183e-01	9.347492e-02	-5.109076e-02	4.945801e-01	8.861092e-02	1.224025e-02	5.550358e-01	-1.890691e-01	2.804264e-01	-7.063649e-01	-8.510529e-02	-3.038207e-01	-2.295833e-01	2.665479e-02	-3.361101e-01	-3.034346e-01	2.569092e-01	-1.153308e-01	1.470898e-01	-4.264077e-01	1.737683e-01	4.274064e-01	9.519295e-02	9.860275e-02	-5.668447e-02	-1.257992e-01	-7.758835e-01	-3.459641e-01	-1.034788e-01	-8.919222e-03	-6.397802e-02	-7.421680e-02	1.249818e-01	1.029129e-01	2.698532e-01	1.746499e-01	1.123915e-01	-3.028865e-01	-3.590707e-01	-2.585239e-01	3.918071e-01	-2.176901e-01	5.329503e-01	-3.477472e-01	1.301282e-01	3.057165e-02	3.161336e-01	-5.163663e-01	2.830479e-02	6.271132e-02	3.137475e-01	2.676672e-02	4.726885e-01	-9.481798e-02	1.248312e-01	-5.648822e-02	5.890069e-01	-2.275981e-01	1.055098e-01	6.193445e-01	-8.715178e-02	3.113903e-01	5.903460e-02	6.080365e-02	-1.314837e-01	1.164447e-01	-2.008785e-02	-9.666732e-02	-7.773224e-02	-3.084666e-01	-1.712566e-01	2.880349e-02	-2.100725e-01	-5.519742e-02	1.609662e-01	-1.399394e-01	-6.518786e-02	-6.411815e-01	-5.901254e-01	-1.702999e-01	3.037573e-01	-2.350309e-01	3.760963e-01	4.374374e-01	-3.611439e-01	-3.064785e-01	6.373928e-02	-3.135397e-01	2.676273e-01	9.066963e-02	-6.607745e-02	2.132161e-01	9.273447e-02	8.801278e-02	-5.091075e-01	2.707615e-01	8.372018e-02	-3.047803e-01	2.534500e-01	1.322525e-01	-3.179277e-01	-1.993620e-01	1.037365e-02	7.353727e-02	-1.394784e-01	-1.042915e-01	-4.273798e-01	-3.067046e-02	-7.254117e-01	-1.450066e-01	1.710106e-01	7.852103e-02	2.403541e-01	8.208832e-02	1.388525e-01	-2.123184e-01	2.860835e-01	-5.594277e-01	4.941363e-01	4.084463e-01	6.429636e-04	-2.167360e-01	2.003882e-02	-1.078701e-02	-3.740426e-01	-2.425138e-01	1.230813e-01	-7.568019e-02	-4.215094e-01	-2.264928e-01	-4.871885e-02	-6.196631e-01	-1.905801e-01	1.458030e-01	-3.443536e-01	3.265587e-01	-3.724773e-01	-5.881421e-01	-2.988654e-01	4.483770e-02	3.075830e-01	8.494970e-02	-5.718608e-01	-7.265246e-01	-2.384014e-01	-1.246108e-01	1.388731e-02	2.755743e-01	3.519551e-01	-7.937478e-02	2.373112e-01	-4.250574e-01	-1.399827e-02	-3.902736e-01	-4.442353e-01	6.853549e-01	1.838072e-01	-2.169006e-01	4.283930e-01	-4.157356e-01	5.234711e-01	4.488858e-01	1.034411e-01	2.178971e-01	8.157940e-02	-3.248547e-01	3.203898e-01	3.278943e-02	-2.111228e-01	5.932848e-01	1.548892e-01	-1.527765e-01	-1.156249e-01	1.704586e-01	-3.609850e-01	5.694556e-02	3.385300e-01	-2.308766e-01	1.217085e+00	-8.701822e-02	-4.537889e-01	-2.287451e-02	2.629057e-01	4.006234e-02	1.451995e-01	-5.702142e-01	-1.304489e-01	6.893264e-02	-2.252525e-01	4.864753e-01	-4.653664e-01	2.586907e-01	5.646608e-02	-2.313162e-01	7.863672e-01	-1.406745e-01	-7.314913e-01	-1.318462e-01	3.924935e-01	2.210862e-01	6.202554e-03	3.005684e-02	7.616384e-02	-3.698947e-01	8.382748e-02	4.686172e-01	-3.117578e-01	4.149181e-02	5.400509e-01	2.687855e-03	3.698821e-02	-3.369331e-01	1.011292e-01	-2.340137e-02	-1.164474e-01	1.976162e-01	7.675102e-01	1.808987e-01	7.597802e-01	-4.173817e-01	-7.616065e-01	1.540648e-01	-5.856343e-02	-8.308183e-02	-5.318516e-01	7.821396e-01	-1.681232e-01	-1.290968e-01	-4.520632e-02	-3.704481e-01	-5.215458e-02	1.377739e-01	4.703254e-04	2.984380e-01	-8.893283e-02	4.588383e-01	9.575645e-02	-5.812391e-02	4.027665e-01	-1.643488e-02	3.287605e-01	-1.867379e-02	5.623483e-01	1.934146e-01	1.729788e-01	-7.759829e-01	-4.796298e-02	-1.155473e-01	4.575012e-03	1.030173e-01	1.146256e-01	4.911922e-02	5.376691e-01	2.324666e-01	1.083352e-01	2.556356e-01	2.507695e-01	3.574956e-01	5.827825e-01	3.423222e-01	1.908277e-01	3.576976e-01	5.390615e-01	-8.079966e-01	7.472446e-02	1.897055e-01	4.598904e-01	1.733258e-01	7.566735e-02	-1.067214e-01	-1.420653e+00	-2.378387e-01	5.083248e-02	-2.551233e-02	-9.675468e-02	-2.883865e-01	-1.503382e-01	-3.693075e-01	-6.920350e-03	-1.509490e-01	-3.003222e-01	-3.789019e-01	-7.173929e-02	1.277589e-01	3.684529e-02	-3.258740e-01	-1.998832e-01	9.128374e-02	-1.773921e-01	1.052969e-01	9.408671e-02	1.837713e-02	1.356483e-01	-3.940179e-01	-1.347124e-01	-2.997956e-02	6.542027e-01	2.924396e-02	-2.744179e-01	-3.754651e-02	-2.915258e-01	-8.859588e-02	1.014490e-01	-1.907396e-01	-2.440806e-01	-2.166912e-01	-5.566527e-01	-2.293026e-01	3.826098e-01	4.229601e-01	-5.574897e-02	1.168654e-01	-5.829232e-01	-2.334116e-01	-3.020678e-01	9.351696e-02	3.946914e-01	-5.124397e-01	7.807443e-03	-3.516127e-01	-2.638767e-01	3.727844e-01	-2.612505e-01	-1.404092e-02	-6.412928e-01	6.444933e-02	-3.508730e-01	-2.102614e-01	2.040226e-01	8.807885e-01	-2.605411e-02	5.005923e-02	4.533868e-02	1.499609e-01	-5.476898e-02	4.253746e-01	2.922999e-01	5.791515e-01	6.043302e-02	-1.277984e-01	-4.027794e-01	9.926882e-02	9.887623e-02	-5.047035e-01	-7.200884e-02	1.266311e-01	3.455599e-01	3.039868e-01	3.138947e-01	-1.101664e-01	7.793197e-02	-1.506880e-01	-1.070895e-01	-1.680773e-01	9.415534e-02	-1.390641e-01	-2.941264e-01	-1.547025e-01	-1.036609e+00	-3.188595e-01	3.481612e-02	-1.307401e-01	2.781924e-01	2.392173e-01	-3.702399e-01	1.476991e-01	3.972242e-02	-1.027264e-01	5.782656e-02	-9.412427e-02	-3.149941e-01	1.212514e-01	-1.013663e+00	-4.121896e-01	-3.457600e-01	-5.313079e-02	-2.019372e-01	-7.912665e-02	-8.336404e-02	-5.879772e-02	3.926734e-01	2.083170e-01	6.366782e-01	-1.017622e-01	4.542297e-01	3.049272e-01	-1.711656e-01	2.643827e-01	-1.728970e-01	3.783547e-01	6.054097e-01	-1.713086e-01	9.118410e-02	-4.858234e-01	3.747848e-01	4.301488e-01	-1.486282e-01	4.572060e-03	-1.351289e-01	7.197158e-02	1.708838e-01	-1.615465e-02	2.991141e-01	-5.162474e-02	-3.092792e-01	3.761053e-01	2.025919e-01	-1.320558e-01	2.489452e-01	7.237025e-02	-1.253169e-01	1.537877e-01	-7.111559e-02	-5.272532e-01	-2.352770e-01	-6.154405e-02	3.352343e-01	-3.487152e-01	4.572522e-01	8.160061e-02	1.202095e-01	-1.213903e-01	2.376571e-01	7.904585e-02	3.179018e-01	-1.005437e-01	3.130283e-01	-3.365312e-01	-1.793325e-01	-1.367837e-02	-1.550702e-01	3.254808e-02	-1.641174e-01	4.738753e-02	1.307184e-01	2.892664e-02	-2.295712e-01	2.950572e-01	2.102948e-01	-8.166549e-01	-2.268515e-02	1.371569e-02	-5.237685e-01	2.665204e-01	-3.472910e-01	1.953389e-01	-4.548297e-02	7.394096e-01	-5.794523e-01	-4.154669e-02	-3.808557e-01	-5.430786e-01	1.207446e-01	7.116260e-02	-3.061287e-01	-4.454181e-02	-3.508316e-01	-1.069772e-01	-2.514352e-01	-4.118491e-01	-9.848198e-02	-6.492766e-02	-2.935267e-01	-2.777880e-01	3.982683e-01	2.495874e-01	3.579455e-01	1.485667e-01	-1.317763e-01	4.813934e-01	1.574092e-01	1.739843e-01	2.960302e-01	6.860788e-02	2.571362e-01	-1.788954e-01	-1.169065e-01	-1.097685e-02	1.878975e-01	-4.541198e-02	1.531506e-01	-6.351852e-04	2.406953e-01	-5.181145e-01	1.773203e-01	-1.198107e-01	6.268020e-01	1.194400e-01	1.186149e-01	6.998082e-01	-3.384449e-01	-4.065971e-02	-2.524702e-02	-2.273450e-01	7.570553e-01	-3.514566e-01	-2.484843e-01	8.885244e-01	9.431281e-02	3.114302e-01	-2.104218e-01	-1.548855e-01	3.379003e-01	1.537920e-01	5.776552e-02	-1.918059e-01	2.086090e-01	2.950952e-01	4.321905e-01	5.045319e-03	-7.003067e-01	-5.090282e-01	9.201326e-02	-4.381103e-01	-2.281770e-01	5.164378e-01	7.305917e-02	-1.355724e-01	-7.263950e-02	2.205111e-01	1.143332e-01	3.768826e-01	3.966056e-01	-6.445923e-02	4.986484e-02	-1.540628e-01	1.903777e-02	-8.570603e-02	1.781119e-02	-1.897957e-02	-1.623009e-02	-3.968294e-01	4.934419e-02	-8.815780e-02	-1.003803e-01	-4.902602e-02	2.926008e-02	-7.115251e-03	1.239814e-01	2.367049e-02	-1.331148e-01	-6.205281e-01	5.286897e-03	2.790925e-01	-1.315878e-01	3.504127e-01	1.316317e-01	1.170337e-01	-4.512625e-01	9.944158e-03	-3.074045e-01	-5.485576e-01	-1.966274e-01	-9.981909e-02	-2.588348e-01	-4.079653e-02	4.146937e-01	8.591377e-02	-5.022826e-01	-1.234424e-01	-1.771014e-01	-4.976110e-02	5.998329e-02	4.252059e-02	-4.447614e-01	-1.317373e-01	2.835487e-01	5.266743e-01	2.737994e-01	-6.682594e-01	3.316477e-02	1.356542e-01	-3.025933e-02	2.475966e-01	-1.142725e-01	-1.658356e-01	-4.836824e-01	6.293903e-02	-1.448387e+00	-8.984642e-03	-1.721927e-01	2.906257e-01	6.975642e-02	4.954032e-01	5.114778e-01	-3.198850e-01	1.039604e-01	-6.943724e-02	-2.665276e-01	-3.827041e-01	-1.140138e-01	-2.955135e-01	1.606501e-01	3.759458e-01	1.056315e-01	3.045275e-01	-6.575477e-01	-3.307114e-01	3.389536e-02	-4.610822e-01	-5.993533e-03	-2.321341e-01	1.396305e-01	-4.126932e-01	3.909867e-01	4.180999e-02	3.671829e-01	-7.338438e-01	-8.107670e-01	2.593574e-01	-5.610248e-01	-1.405456e-01	1.480003e-02	1.613856e-01	-1.960636e-02	-4.379685e-02	-3.674875e-01	-3.391297e-01	5.236604e-02	5.503295e-02	-1.366917e-02	-3.633194e-01	-2.934714e-01	-9.298775e-02	-4.052320e-02	3.469304e-01	6.165351e-01	-2.724046e-01	-4.149218e-01	4.454419e-01	-4.836467e-01	3.795575e-01	-1.254904e-01	5.533691e-02	-1.850520e-01	-1.667687e-01	1.218716e-01	-2.846718e-01	-1.312590e-01	-8.132039e-01	5.129620e-01	-4.298101e-01	-3.002298e-01	-3.022946e-01	-4.344657e-02	1.392797e-01	6.765264e-01	-4.060269e-01	5.033575e-01	-9.536920e-02	6.405031e-01	-7.003692e-02	-2.414896e-01	-1.612566e-01	-2.508277e-01	-5.834031e-01	-2.497144e-01	-3.222306e-01	2.353895e-01	4.450633e-01	-3.686135e-01	-1.174037e-01	9.445533e-03	3.007897e-01	1.112345e+00	4.116862e-01	-1.198949e-01	3.299448e-01	1.005418e-01	-3.140911e-02	8.510692e-02	-1.551721e-01	-4.491401e-01	-1.784329e-01	-1.282279e-01	1.020769e-01	2.802629e-01	-7.085057e-01	-1.483677e-01	1.327477e-01	5.047374e-01	3.287698e-01	-1.232749e-01	3.055590e-01	2.489803e-01	-1.736290e-01	2.862107e-01	3.989586e-01	-9.558450e-02	-6.589527e-02	1.389681e-01	-8.555970e-02	-3.777800e-01	-5.063637e-02	-1.146888e-01	4.278395e-01	4.035136e-01	1.960721e-01	-6.339104e-01	6.220422e-01	5.459253e-01	5.054181e-01	-9.335360e-02	4.155141e-01	-4.143008e-01	1.707662e-01	2.728843e-01	6.193721e-01	-2.148251e-01	-4.175933e-01	4.393532e-01	4.110320e-01	7.159932e-01	-2.664603e-01	-2.637033e-01	3.805266e-02	-1.517091e-01	-4.684516e-01	-4.823557e-01	2.245141e-01	-1.582489e-01	1.538283e-01	-3.555955e-01	2.698579e-01	9.372439e-02	1.967602e-01	3.237509e-01	5.121525e-01	-7.912248e-01	-3.994986e-02	-9.873005e-02	-8.820749e-03	-3.947421e-01	1.659525e-01	-6.483119e-01	3.219427e-01	-2.409871e-01	4.645008e-01	-2.244558e-02	3.913443e-01	1.164985e-02	-8.414535e-02	4.495997e-01	-8.007734e-01	-1.496764e-01	-4.010898e-01	-4.873325e-01	1.261559e-01	1.035257e-02	-5.348881e-01	-1.759472e-01	-9.885002e-02	-2.206931e-01	4.930414e-02	5.684645e-01	-4.208374e-01	1.024980e-01	-2.997117e-01	-1.446279e-01	-1.050821e-01	-4.285411e-01	-5.896249e-01	-1.047806e-01	-4.296696e-01	-2.763082e-01	-1.489363e-01	1.857427e-01	-7.852346e-02	2.753669e-01	8.347304e-01	-4.378298e-01	1.659539e-01	3.865385e-02	-1.685835e-01	4.737326e-01	-3.556334e-01	3.841293e-01	1.351311e+00	-7.129694e-01	-1.406806e-01	-2.861232e-01	-1.214521e-01	-1.700297e-01	-3.779372e-01	8.705427e-02	-1.910900e-01	4.356464e-02	-2.542516e-01	-5.375291e-02	6.967205e-01	2.074894e-01	1.419983e-01	-2.207567e-01	-3.970395e-02	-7.412436e-01	1.369757e-01	-8.509247e-01	-2.356846e-01	-2.671266e-01	-2.015769e-01	3.690152e-01	-4.202001e-02	5.633605e-01	1.528078e-01	6.437943e-01	-8.471841e-01	-3.812063e-01	-5.006876e-01	8.611035e-01	-5.864813e-01	4.820982e-01	-2.752886e-01	-2.545370e-01	-1.970707e-01	2.671212e-01	-2.899684e-01	2.551240e-01	-2.430650e-01	2.754244e-01	2.149035e-01	5.823956e-01	-2.593494e-01	4.916176e-01	-1.479894e-02	3.331080e-02	-2.139514e-01	3.638064e-01	1.835144e+00	-1.747713e-01	1.049317e-01	-5.379114e-03	5.589811e-02	-4.223591e-01	-5.139170e-01	-4.026518e-01	-4.960656e-01	-5.403227e-02	-6.634607e-01	-2.672901e-03	9.886670e-02	-4.084972e-01	2.164233e-01	-3.115139e+01	-3.499207e-02	2.348258e-01	-5.199592e-01	-2.519959e-01	-1.244226e-01	7.748374e-02	-1.696879e+00	6.576298e-01	4.738623e-01	-6.403698e-01	-1.452460e-01	1.735929e-02	-1.168728e-01	2.171688e-01	-3.161360e-02	-2.459469e-01	-4.479551e-01	-8.289843e-02	4.824988e-01	-5.386301e-01	2.483998e-02	1.853668e-01	-5.275745e-01	7.518409e-01	2.013028e-01	7.165231e-02	-1.956614e-01	-3.002132e-01	9.962156e-02	-2.682228e-01	-5.446088e-01	-4.870988e-01	-2.700149e-01	-3.181292e-01	2.469161e-01	4.217993e-01	3.034095e-01	-1.322715e-01	4.820226e-02	-1.507984e-01	-2.367697e-01	3.148143e-01	-6.553957e-01	4.546773e-01	2.024993e-01	-7.686978e-03	-2.774963e-01	-4.174818e-01	-3.412827e-01	-2.061463e-01	-3.377757e-02	3.075699e-01	-1.142403e-01	-1.803765e-01	4.595708e-02	-5.381759e-02	-4.898422e-01	-5.741990e-02	-3.809281e-02	3.747181e-02	3.141047e-01	-5.767599e-01	-5.465956e-01	-1.320131e-01	-5.298873e-01	1.342197e-01	-2.712196e-02	-4.271973e-01	-4.148375e-01	-3.186581e-01	-4.562804e-01	-4.870121e-01	3.680138e-01	3.860096e-01	2.224789e-01	2.552381e-01	-4.069932e-01	-2.450631e-01	-7.037766e-01	-3.126714e-01	8.696105e-02	3.413427e-01	-8.983009e-02	2.848887e-02	-5.500448e-01	-6.325760e-01	4.623625e-01	-2.075915e-01	2.267524e-01	-3.307783e-02	4.194901e-01	2.912241e-01	5.979266e-02	-4.986273e-01	5.905923e-01	9.976936e-02	-2.849401e-01	-4.858197e-01	2.598363e-02	-3.865379e-01	4.539898e-02	1.847011e-01	-2.242367e-02	4.631589e-01	1.095617e-01	-5.958770e-01	1.684375e-01	4.103720e-01	-2.394762e-01	1.182223e-01	-6.074255e-01	1.868045e-01	-3.903742e-01	-2.258483e-01	3.201823e-02	-3.375606e-01	2.673540e-01	4.494331e-01	7.573774e-02	-5.034203e-01	5.084631e-02	-2.955292e-01	-6.025215e-01	4.009861e-01	-2.469117e-01	-2.814322e-01	3.330246e-01	-4.193274e-01	-7.215353e-03	-4.846958e-01	5.742748e-01	-8.943800e-01	1.861387e-02	4.257746e-02	-2.675485e-02	-3.162733e-02	1.338223e-01	-1.589748e-01	-7.206879e-02	-2.344425e-01	3.005352e-01	5.893931e-01	3.416614e-01	-2.606243e-01	-2.424061e-01	-4.950590e-01	7.075761e-03	-2.077277e-01	-2.768068e-02	-4.079259e-01	3.511773e-01	6.527641e-02	-2.527958e-01	-7.749078e-02	-6.250746e-01	-1.765141e-02	1.177905e-01	4.657816e-03	5.673655e-01	4.621887e-02	4.335976e-02	5.305040e-01	-5.985479e-02	5.376871e-01	-2.391401e-01	2.204284e-01	1.059593e-01	4.511710e-01	1.079377e-01	4.900723e-01	-1.116258e+00	2.454576e-01	-2.296449e-01	-1.937032e-01	9.205562e-02	-3.565851e-01	-7.135373e-02	4.455350e-01	-4.141567e-02	3.652406e-01	7.029198e-01	8.455048e-01	6.906183e-01	7.190986e-01	2.022219e-01	-1.270077e-01	5.370094e-01	8.744420e-02	-6.056000e-02	-1.206969e-01	2.319392e-02	-1.658915e-03	1.169342e-01	4.945783e-02	-4.020531e-01	-4.415909e-01	-3.264190e-01	6.460790e-02	2.392228e-01	-8.069895e-02	-8.594033e-02	-4.588671e-02	-1.220000e-01	3.697516e-01	6.177805e-02	-1.147395e-01	-2.956594e-01	1.142730e-02	2.560922e-01	4.230828e-01	-1.555431e-01	-3.963193e-01	1.044232e-01	-1.305304e-01	-1.772549e-01	-1.003114e-01	1.932794e-02	-1.534668e-01	-7.585686e-01	3.276666e-01	-2.440471e-01	3.194889e-01	-4.089351e-01	2.657133e-01	2.388626e-01	-3.658638e-01	7.608252e-01	1.527857e-01	1.543895e-01	-2.814201e-01	-3.963759e-01	-1.692702e-01	-6.951860e-01	5.521225e-01	6.443101e-02	-4.211217e-01	-3.590314e-02	-1.842791e-01	8.981779e-02	-3.954390e-01	-3.014489e-01	6.568630e-01	-3.388432e-01	-4.765571e-01	-4.809310e-01	1.008410e-01	3.287712e-01	-7.517760e-02	-3.662665e-01	-6.651662e-01	1.407122e-01	-9.779039e-02	2.881046e-01	1.617112e-01	-2.993945e-01	9.732907e-02	-1.172789e-01	1.235726e-01	-1.321030e-01	1.027958e-01	8.356633e-01	4.357021e-01	7.584217e-01	1.527937e-01	8.478865e-02	2.471794e-01	-4.263888e-01	3.326545e-01	-6.294138e-01	3.734779e-02	5.314026e-01	3.946813e-01	7.952788e-01	2.031268e-01	-3.173772e-01	1.788857e-01	-3.090130e-02	-2.229311e-01	-5.419492e-01	1.480772e-01	-1.108035e-01	-5.691909e-01	-2.612412e-01	-3.061484e-02	-1.586222e-01	-3.426445e-01	-1.905283e-01	4.034207e-01	1.531379e-01	-3.082606e-01	5.644745e-02	-1.296771e-01	-1.231562e-01	-3.730490e-01	-5.744185e-01	-5.676579e-01	7.942489e-02	-1.200204e+00	-1.703019e-01	-4.553973e-01	-8.253663e-02	-2.660670e-01	-3.912226e-01	5.049184e-02	-1.167499e-01	3.503725e-01	2.483335e-01	4.169734e-01	-3.105388e-01	6.907421e-01	5.069713e-01	-7.030116e-01	6.924175e-01	-7.819644e-01	8.131968e-01	3.865224e-01	-5.179713e-01	-3.741733e-01	-5.949118e-01	7.166754e-01	8.262694e-01	-3.290601e-03	-1.071658e-01	-6.385031e-01	-5.607688e-01	2.166318e-01	1.617841e-01	-7.672951e-02	2.120009e-02	-1.475297e-01	3.869869e-01	3.394254e-01	-3.023735e-02	5.030553e-01	-3.313034e-01	-3.130108e-01	1.338886e-01	-5.488141e-02	-7.747934e-01	-6.370702e-01	1.864914e-01	4.446941e-01	-6.024874e-01	1.928545e-01	2.193740e-01	-2.921629e-01	-3.836648e-01	2.543902e-02	1.242215e-01	4.387511e-01	-6.408432e-02	4.984115e-01	-3.813900e-01	-7.173339e-02	8.100905e-02	-7.690520e-02	8.076690e-01	9.477431e-02	-2.724151e-01	-3.171083e-01	-1.890166e-01	-3.986782e-01	3.507722e-01	-6.247728e-03	-3.487030e-01	-3.223945e-01	-5.686966e-01	-6.046319e-01	1.150130e-02	6.440606e-02	1.378260e-01	5.606310e-01	4.977695e-01	-6.314360e-01	-2.121379e-01	-3.196963e-01	-3.512873e-01	-3.126788e-02	3.762297e-04	-1.246347e-01	-4.684099e-02	1.663009e-01	-3.133225e-01	-3.376349e-01	-1.093527e-01	-1.178631e-01	3.090678e-01	-2.169456e-01	-1.409473e-01	2.676989e-01	2.705806e-01	6.583304e-02	2.310617e-01	-1.841040e-01	4.068771e-01	1.060883e-01	4.512776e-01	1.867983e-01	-2.568784e-01	5.542313e-01	-4.208093e-01	2.447851e-01	-6.984767e-02	1.356701e-01	-1.319328e-01	1.812855e-01	1.509644e-01	-1.327850e-01	-5.325406e-01	4.638978e-01	-1.241015e-01	7.733433e-01	3.470279e-01	-3.465113e-01	8.417913e-01	-2.902682e-02	-4.181723e-01	-3.698511e-01	-3.248941e-01	8.100724e-01	-1.614028e-01	8.809494e-03	4.313276e-01	-4.377347e-02	-1.113154e-01	-3.273387e-01	-1.561122e-01	-6.253979e-02	4.958416e-01	-3.546743e-01	5.728670e-01	2.787565e-01	-1.864523e-01	1.553129e-01	-3.070189e-01	-4.912446e-01	-6.001275e-01	4.595704e-02	1.731749e-01	-2.103512e-01	6.482880e-01	6.600622e-02	-3.341039e-01	-2.282783e-01	6.579082e-01	1.601745e-02	4.485139e-01	3.548310e-01	-2.538706e-01	1.987652e-02	-1.027190e+00	-3.718077e-02	-9.272988e-02	8.684465e-02	-8.466275e-02	3.207788e-01	-4.537131e-01	2.356236e-01	-5.939728e-02	-2.675087e-01	3.193646e-01	-1.287374e-01	-5.145591e-01	-1.598716e-01	-4.239908e-01	-1.988047e-01	-3.273183e-01	-5.623927e-02	2.266730e-01	-2.317516e-01	2.583080e-01	1.488426e-01	1.385453e-01	1.858700e-01	-1.756653e-01	4.519292e-01	-6.615507e-01	-3.456860e-01	2.583409e-01	-2.491958e-01	1.201715e-01	3.490346e-01	-2.446549e-01	-5.013296e-01	-2.972217e-01	-2.443024e-02	-1.562366e-01	5.089449e-01	3.275536e-01	-4.363381e-01	-5.171310e-01	5.050751e-01	9.245105e-01	2.322203e-01	-7.857286e-02	1.798311e-01	-3.347516e-01	-3.889950e-02	4.013247e-01	-3.937973e-01	-4.798634e-01	-4.635870e-01	3.808954e-04	2.098779e+00	2.330913e-01	-3.857470e-01	3.612631e-01	4.426383e-01	8.696998e-01	1.812069e-01	-3.113977e-01	-1.516392e-01	-5.721572e-02	-3.372267e-02	-4.944230e-01	-1.006079e-01	-6.598961e-01	-7.293405e-02	4.712013e-01	-1.629458e-02	2.344886e-01	-4.246591e-01	-5.263648e-01	1.108978e-01	-1.617870e-01	-2.252429e-01	-4.165002e-01	8.566678e-02	-2.636905e-01	5.635982e-01	-2.674123e-02	-6.714690e-01	-8.943421e-01	-5.601168e-01	4.780004e-01	-7.771885e-01	-6.706631e-01	1.916596e-01	2.484166e-01	2.993936e-01	1.057901e-01	-2.673324e-01	-5.057598e-01	-1.840847e-01	-3.822144e-02	-1.196775e-02	-3.533317e-01	-3.996419e-01	-2.265461e-02	6.844570e-03	1.722599e-01	5.055270e-01	-1.893627e-01	-5.493280e-01	3.995292e-01	-5.739911e-01	2.742984e-01	3.254493e-02	-1.887203e-02	-1.160835e-01	-1.996771e-01	2.491027e-01	-1.481383e-01	-2.135603e-02	-7.494892e-01	2.886904e-01	-2.566329e-01	-2.526431e-01	-3.502601e-01	3.729662e-02	2.016559e-01	5.691771e-01	-4.141370e-01	3.516310e-01	1.454572e-01	6.658773e-01	-2.897393e-01	-5.267780e-01	-9.581072e-03	-2.851380e-01	-6.233702e-01	-4.141741e-01	-1.505689e-01	1.983025e-01	3.803975e-01	-1.738829e-01	-3.918589e-01	1.119051e-01	3.738832e-01	8.805842e-01	3.823892e-01	-1.367268e-01	5.390760e-01	1.551441e-01	7.932373e-02	6.804690e-02	-2.916782e-01	-5.631447e-01	-3.317329e-01	-5.501963e-02	1.366464e-01	6.929158e-02	-5.929788e-01	-4.958776e-02	3.050063e-03	4.677235e-01	5.393767e-01	-1.123209e-01	2.069370e-01	2.247497e-01	3.344789e-02	1.186436e-01	4.530020e-01	-1.063248e-01	-1.213738e-02	-6.407754e-03	-1.906609e-01	-3.597937e-01	-4.148770e-02	-1.020766e-01	2.519564e-01	2.749042e-01	-7.027249e-04	-6.441286e-01	7.015052e-01	3.031131e-01	4.030164e-01	-2.523711e-01	2.148113e-01	-1.819291e-01	1.614067e-01	3.238471e-01	4.587004e-01	-2.610322e-01	-2.156570e-01	9.151369e-02	3.746074e-01	5.167307e-01	-2.439153e-01	-2.111152e-01	8.978287e-02	-8.079679e-02	-4.698747e-01	-3.745210e-01	2.193111e-01	-1.077153e-01	-1.254470e-01	-4.455928e-01	3.072892e-01	-2.394843e-02	2.671363e-01	2.088818e-01	3.500612e-01	-5.633145e-01	1.474566e-01	-1.521404e-01	-4.989298e-02	-2.575234e-01	1.052505e-01	-3.877336e-01	3.094180e-01	-2.116177e-01	4.562494e-01	-2.191417e-01	3.658961e-01	-7.254051e-02	-1.265460e-01	4.814542e-01	-7.685047e-01	-2.584335e-01	-3.000324e-01	-5.447401e-01	2.164556e-01	1.290136e-01	-4.183010e-01	-7.788045e-02	-1.259566e-01	-1.653936e-01	5.159365e-02	3.605767e-01	-4.067088e-01	3.012830e-02	-1.169295e-01	-5.685246e-02	-1.814834e-01	-4.659468e-01	-4.715875e-01	-1.062481e-01	-3.783359e-01	-6.536792e-02	-2.719433e-03	-2.450752e-02	-4.838232e-03	2.939507e-01	9.733674e-01	-2.642568e-01	1.048509e-01	-1.198048e-01	-2.075980e-01	6.690848e-01	-1.288982e-01	3.081353e-01	1.484165e+00	-4.602644e-01	-5.653216e-03	-3.740840e-01	-1.159103e-01	-6.689782e-02	-2.921215e-01	-8.268495e-02	-2.402679e-01	-3.905121e-02	-6.232362e-02	1.011831e-02	9.299961e-01	1.485460e-01	2.179358e-01	-2.508692e-01	-6.174460e-02	-7.740854e-01	6.075289e-02	-5.664355e-01	6.810527e-03	-6.890202e-02	-1.521635e-01	3.475451e-01	-1.676653e-01	5.776361e-01	9.095834e-02	4.908116e-01	-7.435480e-01	-4.721037e-01	-3.750570e-01	8.878117e-01	-8.034426e-01	-4.663672e-01	-1.681510e-01	-3.157306e-01	-3.395892e-01	1.587495e-01	-1.872185e-01	4.036086e-01	-2.337688e-01	2.707205e-01	3.778223e-01	5.724825e-01	-1.691008e-01	3.156129e-01	-1.509985e-01	9.023684e-02	-2.243184e-01	4.127201e-01	1.652080e+00	-3.119066e-01	6.624727e-02	1.467724e-01	-4.205644e-02	-3.872726e-01	-4.982058e-01	-6.620385e-01	-4.047073e-01	-1.792656e-01	-7.052031e-01	3.730243e-02	4.316982e-02	-3.403260e-01	1.743742e-01	-2.464205e+01	1.329573e-01	2.376020e-01	-3.346988e-01	1.373793e-02	-2.166528e-01	-2.023524e-01	-1.674609e+00	6.649554e-01	2.053560e-01	-5.580495e-01	-8.996578e-02	1.137949e-01	-2.864238e-01	2.159159e-01	-5.064081e-03	-3.211552e-01	-4.466138e-01	-1.095927e-01	3.564883e-01	-2.093070e-01	3.902316e-03	2.327935e-01	-5.034675e-01	7.414405e-01	2.211924e-01	2.707823e-01	-1.998582e-01	-3.886106e-01	1.251450e-01	-2.986267e-01	-4.564174e-01	-3.763952e-01	-1.708263e-01	-2.778134e-01	4.329757e-01	2.201088e-01	1.799019e-01	-3.483160e-01	6.398842e-02	-1.772014e-01	-3.938286e-02	2.893904e-01	-3.024150e-01	3.700308e-01	2.251784e-01	-6.695195e-02	-1.839273e-01	-2.668574e-01	-4.025084e-01	-2.088285e-01	7.609656e-02	2.382662e-01	2.910563e-01	-3.226869e-01	1.090274e-02	-1.328376e-01	-3.294176e-01	5.131679e-02	4.508220e-02	-1.868965e-01	2.337260e-01	-4.071160e-01	-2.902433e-01	-3.368220e-01	-7.159598e-01	2.603665e-03	-2.246151e-02	-3.932490e-01	-3.288506e-01	-1.922009e-01	-4.142643e-01	-5.153572e-01	3.676172e-01	1.599584e-01	3.313217e-01	1.217550e-01	-3.101292e-01	-3.854996e-01	-5.895741e-01	-2.956225e-01	5.493354e-02	2.293203e-01	-7.415887e-02	-3.186256e-02	-3.819275e-01	-7.408016e-01	4.997424e-01	-2.628085e-01	2.385362e-01	1.271816e-01	4.775882e-01	2.644111e-01	2.500668e-02	-4.259187e-01	3.183169e-01	-4.592108e-02	-9.533256e-02	-4.786481e-01	-5.927415e-02	-2.279501e-01	1.017394e-01	4.061171e-01	2.568792e-02	4.287215e-01	2.276448e-01	-3.707774e-01	1.127135e-01	4.231277e-01	-3.775690e-02	1.911717e-01	-3.329479e-01	2.047583e-01	-5.599959e-01	-1.007291e-01	-1.394795e-01	-2.719486e-01	3.571691e-01	4.109131e-01	-1.633223e-02	-6.369855e-01	6.180228e-02	-3.651245e-02	-7.330751e-01	2.283720e-01	-4.070003e-01	-3.497377e-01	2.208243e-01	-4.395930e-01	1.551770e-01	-5.598300e-01	4.955865e-01	-7.416425e-01	-3.214308e-02	-2.050024e-02	1.477113e-03	3.330877e-02	2.063829e-01	-1.126733e-01	-4.201549e-01	-7.457921e-02	3.753291e-01	4.485011e-01	2.762831e-01	-3.420751e-01	-2.410404e-01	-2.367089e-01	-8.920082e-02	7.672130e-03	7.740407e-02	-2.235559e-01	1.830312e-01	2.884699e-01	-2.498254e-01	1.294398e-01	-5.387589e-01	-5.015105e-02	1.430153e-01	-1.025677e-01	5.644564e-01	7.660350e-02	3.388707e-02	3.920248e-01	1.475445e-01	6.642040e-01	-2.287509e-02	2.291906e-01	3.561727e-03	4.327822e-01	-1.582360e-01	5.352328e-01	-8.348960e-01	2.152515e-01	-2.879454e-01	-1.065675e-01	1.340300e-01	-1.351731e-01	-8.807911e-04	2.487499e-01	9.484918e-04	3.372932e-01	6.496298e-01	8.445258e-01	7.839215e-01	6.758520e-01	2.503881e-01	5.042277e-02	4.716462e-01	-1.397325e-01	2.470343e-01	-3.502477e-02	-7.581245e-03	-9.806827e-02	2.732106e-01	1.013973e-01	-3.815795e-01	3.405748e-01	-4.212133e-01	1.667249e-01	3.816612e-01	-1.114280e-01	8.783405e-02	-5.479182e-02	-2.624876e-02	4.189267e-01	1.342513e-01	-2.401230e-01	-3.653391e-01	7.182393e-02	2.179885e-01	4.692336e-01	-3.997584e-02	-2.756894e-01	4.013358e-02	-1.015229e-01	1.810443e-02	-1.049261e-01	2.372192e-01	2.708237e-02	-7.313724e-01	1.991314e-01	-1.888977e-01	1.040233e-01	-1.522732e-01	4.319218e-01	2.824703e-01	-2.360224e-01	6.036087e-01	1.067423e-01	3.164466e-01	-3.676292e-01	-3.466483e-01	-2.941925e-02	-5.005590e-01	7.037052e-01	3.283519e-02	-2.911347e-01	1.938930e-01	-5.545400e-02	1.370863e-01	-2.737305e-01	-3.112813e-01	6.562491e-01	-2.544680e-01	-1.931648e-01	-4.662925e-01	2.844161e-01	2.093203e-01	2.884031e-02	-2.920068e-01	-4.269530e-01	-6.402712e-02	1.222059e-01	1.809235e-01	2.772604e-01	-3.040313e-01	-9.891803e-02	1.457276e-01	1.183884e-01	-9.318843e-02	9.740128e-03	7.591398e-01	3.153976e-01	6.931174e-01	3.053483e-01	2.530287e-01	3.357480e-01	-5.839258e-01	1.600189e-01	-4.269731e-01	3.147500e-01	4.797944e-01	-2.226179e-02	7.409583e-01	2.446906e-01	-4.431141e-01	1.528250e-01	-5.601153e-02	-2.261359e-01	-4.596759e-01	-1.168640e-01	-6.595234e-02	-4.398697e-01	-1.650058e-01	-2.101371e-01	-2.413611e-01	-1.484783e-01	-2.210900e-01	1.908508e-01	2.939666e-01	-1.449872e-01	1.209951e-01	-5.531234e-02	1.146364e-01	-3.372997e-01	-7.362549e-01	-3.731717e-01	1.893806e-01	-9.347236e-01	-1.908450e-01	-3.895698e-01	1.078708e-01	-8.215605e-02	-3.001128e-01	1.373637e-03	4.410611e-03	3.598845e-01	1.526190e-01	4.813625e-01	-3.964281e-01	5.539461e-01	5.417778e-01	-6.379446e-01	7.432663e-01	-7.909904e-01	7.656643e-01	1.848254e-01	-4.748257e-01	-2.828029e-01	-5.799766e-01	5.050542e-01	6.069334e-01	-1.543217e-01	1.535182e-02	-5.445426e-01	-5.442247e-01	3.480287e-01	2.322553e-01	-1.244504e-01	-2.308274e-02	-9.974442e-02	1.309916e-01	3.242309e-01	6.186260e-03	5.810555e-01	-2.080427e-01	-2.398039e-01	-1.846072e-03	-1.477366e-01	-5.499129e-01	-5.411206e-01	2.161940e-01	4.564266e-01	-3.547136e-01	1.731861e-01	6.250118e-02	-2.015139e-01	-3.130015e-01	-4.882313e-02	9.645276e-02	3.022157e-01	-7.149214e-02	3.257458e-01	-2.846996e-01	1.396842e-01	2.179620e-01	1.495598e-01	7.585313e-01	2.430980e-02	-2.624901e-01	-4.138319e-01	-2.291945e-02	-4.555135e-01	2.847260e-01	-1.713974e-01	-1.729382e-01	-2.423702e-01	-5.899382e-01	-3.627808e-01	-1.035128e-01	-9.386593e-02	9.618536e-03	5.569542e-01	4.386953e-01	-6.138954e-01	-5.860473e-02	-2.478371e-01	-3.577099e-01	-1.825954e-01	8.546352e-02	-1.745483e-01	-1.069758e-02	8.134827e-02	-4.733831e-01	-2.981386e-01	-1.110484e-01	-1.929779e-02	3.505866e-01	-1.798133e-01	-7.919856e-02	1.763855e-01	3.895543e-01	5.784214e-02	1.997181e-01	-1.906070e-01	4.102906e-01	7.681406e-02	2.076206e-01	1.161136e-01	-2.233293e-01	6.379948e-01	-3.379109e-01	2.322661e-01	1.555091e-02	1.305150e-01	-1.431716e-01	8.058766e-03	9.423539e-02	-1.306411e-01	-4.708980e-01	4.367966e-01	1.000071e-01	7.603649e-01	4.627927e-01	-4.848841e-01	8.896833e-01	1.054387e-01	-2.621126e-01	-2.762054e-01	-1.953117e-01	6.943956e-01	-2.544869e-01	1.605160e-01	2.410674e-01	4.738105e-02	-1.247782e-01	-2.922039e-01	-1.613845e-02	-1.801468e-01	3.212100e-01	-4.450631e-01	6.402243e-01	1.116978e-01	1.345728e-01	2.871276e-01	-2.565447e-01	-3.909234e-01	-3.758343e-01	-4.850814e-02	3.240405e-01	-2.553881e-01	4.334737e-01	1.709549e-01	-1.997741e-01	-2.253795e-01	5.163422e-01	8.784487e-02	3.691713e-01	2.749313e-01	-1.770818e-01	-9.996209e-02	-8.802224e-01	-1.202389e-01	-2.058106e-01	2.542890e-01	1.648144e-01	2.334132e-01	-5.973846e-01	2.581570e-01	-3.564002e-02	-6.097186e-02	3.216388e-01	-3.297125e-01	-5.546557e-01	-2.755574e-01	-3.845752e-01	-1.229167e-01	-1.800697e-01	8.312736e-02	1.417003e-01	-1.675727e-01	1.737621e-01	2.067713e-02	-4.974063e-02	4.846103e-03	-2.037746e-01	7.373855e-01	-6.158097e-01	-2.293688e-01	1.778298e-01	-8.992604e-02	6.941520e-02	3.987053e-01	5.683790e-02	-4.953177e-01	-6.519166e-02	6.221539e-02	-1.730865e-01	5.719521e-01	2.066986e-01	-2.282081e-01	-3.885075e-01	4.821974e-01	6.962599e-01	1.744637e-01	-3.359231e-02	3.538043e-01	-3.739990e-01	-1.600299e-01	2.352166e-01	-1.718045e-01	-4.081787e-01	-3.338611e-01	-5.071633e-03	2.525001e+00	3.747602e-01	-3.925134e-01	4.398797e-01	4.900076e-01	6.986220e-01	-2.503086e-03	-3.725403e-01	-1.252706e-01	-9.327562e-03	3.726798e-02	-5.490432e-01	-1.517997e-01	-4.028456e-01	-1.937727e-01	3.028183e-01	1.008886e-01	1.857243e-01	-3.105321e-01	-1.361018e-01	-1.036639e-02	-3.572253e-01	-3.554443e-01	-5.415534e-01	6.524116e-03	-6.893715e-02	1.559500e-01	3.669364e-02	-6.963119e-01	-5.867860e-01	-4.021456e-01	4.037797e-01	-6.753089e-01	-5.672575e-01	1.540973e-01	2.913944e-01	2.997864e-01	1.820980e-01	-2.214259e-02	-7.100125e-01	-8.429450e-02	-1.129510e-01	4.418180e-02	-2.558861e-01	-2.407641e-01	-1.911640e-01	-8.017184e-02	2.497669e-01	6.416873e-01	-2.189679e-01	-5.924764e-01	4.062513e-01	-6.272470e-01	1.771126e-01	1.305059e-01	-1.497121e-01	-3.159017e-02	-3.302355e-01	5.607672e-03	-7.200956e-02	-5.802486e-02	-6.986886e-01	2.406506e-01	-2.453002e-01	-1.284984e-01	-3.249782e-01	-6.909207e-02	2.500893e-02	6.129444e-01	-3.588910e-01	3.109408e-01	-1.593175e-01	6.779898e-01	-4.001898e-01	-5.792255e-01	4.651580e-02	-2.988936e-01	-4.828916e-01	-3.458406e-01	2.054884e-02	1.237983e-01	3.410640e-01	-2.859646e-01	-5.312222e-01	3.107728e-02	2.454688e-01	7.213438e-01	2.437079e-01	1.216028e-01	6.842641e-01	1.313923e-01	7.214712e-02	-7.043878e-03	-3.230832e-01	-5.006549e-01	-4.913552e-01	-4.287868e-02	5.692267e-02	-5.166499e-02	-1.378250e-01	-1.866018e-02	-5.007363e-02	2.488856e-01	5.364616e-01	1.389506e-03	-4.097309e-02	1.312502e-01	-2.901313e-02	2.330194e-01	3.013144e-01	-2.323570e-01	-1.063811e-01	-1.942992e-01	-4.680754e-01	-4.901218e-01	1.340835e-02	-1.586965e-02	2.160430e-01	4.218916e-01	1.035030e-01	-8.174812e-01	5.363842e-01	2.264524e-01	3.833698e-01	-1.409770e-01	3.575954e-01	-2.820156e-02	2.150538e-03	3.462222e-01	7.960659e-02	-2.195336e-01	-1.609727e-01	1.231399e-01	4.462166e-01	2.144380e-01	-2.734077e-02	-1.179308e-01	6.895932e-02	2.972381e-02	-4.370300e-01	-3.520043e-01	2.410146e-01	1.475836e-01	-1.887401e-01	-6.024953e-01	5.055768e-01	9.623908e-02	1.941499e-01	3.475983e-01	7.327711e-02	-3.578037e-01	-8.262056e-02	-2.163293e-01	-1.590427e-02	-2.075555e-01	1.969889e-02	-2.333208e-01	1.553789e-01	-3.015749e-01	3.331252e-01	-5.317136e-02	3.963582e-01	5.310938e-02	-1.519227e-01	3.446259e-01	-8.335505e-01	-1.656690e-01	-2.645818e-01	-5.681772e-01	1.491677e-01	7.487074e-02	-3.968671e-01	9.287105e-02	-2.377719e-01	2.362291e-02	-1.712079e-01	3.840175e-01	-3.120420e-01	1.273449e-03	-1.784078e-01	-1.536388e-03	-5.043172e-01	-3.415347e-01	-2.715077e-01	-8.219598e-03	-3.320556e-01	-1.548553e-01	1.630179e-02	5.221831e-02	7.816601e-02	2.634034e-01	8.558371e-01	-2.460545e-02	7.932810e-02	-1.380241e-01	-2.726342e-01	6.442215e-01	-2.873278e-01	4.761963e-02	1.501293e+00	-3.707153e-01	3.421303e-02	-4.250867e-01	-1.547362e-01	-2.782380e-02	-2.799519e-01	-1.903891e-01	-2.510433e-01	7.957365e-02	1.222224e-01	9.432804e-02	9.738599e-01	1.101105e-01	1.653122e-01	-3.064494e-01	-1.791925e-01	-6.235436e-01	-1.614799e-02	-5.505607e-01	-1.903481e-03	4.360583e-03	-2.676078e-02	4.033643e-01	-3.608839e-01	4.495367e-01	1.035230e-02	4.056109e-01	-7.278123e-01	-3.399750e-01	-2.324834e-01	7.902795e-01	-7.607463e-01	-5.322350e+00	-1.248625e-01	-5.266062e-01	-2.070976e-01	2.209044e-01	-6.276318e-02	1.599368e-01	-1.530769e-01	3.828470e-01	3.051127e-01	4.488451e-01	-4.806889e-02	2.385643e-01	-2.680919e-01	1.427321e-01	-5.622243e-02	4.471602e-01	1.584994e+00	-2.549000e-01	1.427843e-01	4.905213e-02	4.431229e-02	-2.713988e-01	-4.183391e-01	-5.217555e-01	-3.052288e-01	-7.670974e-02	-4.437210e-01	6.607302e-02	1.021938e-02	-2.735753e-01	-6.601137e-03	-1.876167e+01	9.750191e-02	3.487554e-01	-2.644458e-01	1.529668e-01	-2.209572e-01	-1.189308e-01	-7.104578e-01	7.527341e-01	1.472024e-01	-6.558708e-01	-2.333433e-02	2.238633e-01	-3.766271e-01	2.001539e-01	1.034061e-02	-3.987850e-01	-5.833769e-01	4.541434e-02	2.336567e-01	-1.733131e-01	-1.072281e-02	8.928783e-02	-6.761940e-01	5.850767e-01	2.533639e-01	3.140850e-01	-3.691514e-01	-4.429521e-01	2.754951e-01	-2.984579e-01	-4.516309e-01	-1.348616e-01	-2.052765e-01	-3.372134e-01	6.942906e-01	2.157208e-01	-1.243120e-01	-3.658257e-01	7.762261e-02	-2.474456e-01	1.032435e-01	1.898009e-01	-3.331068e-01	3.317600e-01	3.217655e-01	9.829111e-02	-6.495144e-02	-2.592627e-01	-5.541642e-01	-2.763650e-01	3.298854e-01	2.975819e-01	3.216130e-01	-2.496637e-01	-3.523062e-01	-1.133554e-01	-1.584942e-01	5.495927e-02	-7.690351e-02	-7.825305e-02	2.906910e-01	-2.495468e-01	5.826450e-02	-4.507631e-01	-5.711973e-01	2.322597e-01	-1.474865e-02	-5.558895e-01	-3.701372e-01	-8.120542e-02	-9.674309e-02	-5.635857e-01	3.111602e-01	3.077810e-02	4.549502e-01	-2.845281e-02	-5.323318e-02	-4.023970e-01	-4.889005e-01	-1.767350e-01	2.071687e-02	-6.372569e-02	-2.979269e-02	6.447033e-02	-2.189561e-01	-8.044407e-01	5.202878e-01	-4.556617e-01	3.197095e-02	-1.456181e-01	2.222052e-01	1.758425e-01	-7.412941e-02	-3.959685e-01	3.244494e-02	-6.965132e-02	-2.709712e-01	-3.128515e-01	1.947635e-01	4.632866e-02	1.837782e-01	3.297943e-01	9.621116e-02	4.500350e-01	2.672166e-01	-2.506901e-01	3.659701e-02	4.977144e-01	8.437893e-02	1.345172e-01	-1.868384e-01	2.485642e-01	-7.223266e-01	1.466571e-01	-3.651300e-01	-1.215889e-01	3.585235e-01	5.258162e-01	2.447836e-01	-5.133473e-01	5.457855e-02	-5.198916e-02	-6.528912e-01	6.534066e-02	-4.392014e-01	-4.104137e-01	1.048490e-01	-3.105059e-01	1.025925e-01	-7.307904e-01	1.534018e-01	-6.017460e-01	-8.293106e-02	1.747467e-02	-4.610069e-02	3.142484e-01	6.110938e-03	-4.267648e-03	-4.269308e-01	-5.549598e-02	2.136529e-01	6.671193e-01	1.040771e-01	-4.912054e-01	-2.836630e-01	-2.374255e-01	-8.579623e-02	-3.470240e-02	1.618791e-01	-3.084410e-01	-1.524075e-01	4.235552e-01	5.670941e-02	-6.804154e-02	-6.944106e-01	6.613550e-02	1.207697e-01	-1.483642e-01	1.353915e-01	1.580685e-01	2.590227e-01	3.843526e-01	6.218509e-02	5.015107e-01	1.532752e-01	4.224524e-01	-4.170473e-02	3.353163e-01	-7.327884e-02	5.248839e-01	-7.596447e-01	2.921531e-01	-4.455622e-01	-1.451145e-01	-4.926519e-02	-1.805145e-01	4.963128e-02	2.174759e-01	-1.948635e-02	1.755507e-01	3.655713e-01	5.171107e-01	7.559730e-01	7.890784e-01	1.156036e-01	6.076547e-02	4.598714e-01	-1.936730e-01	2.399283e-01	-2.530752e-02	2.505810e-02	-8.777399e-02	4.170509e-01	-1.337410e-01	-3.960898e-01	6.757904e-01	-4.910195e-01	1.353644e-01	5.388359e-01	-1.051662e-02	2.278603e-01	-1.575987e-01	-1.065357e-01	4.897600e-01	1.048643e-01	-2.751999e-01	-4.043847e-01	-2.492421e-02	4.038216e-01	4.716738e-01	1.051671e-01	-3.732200e-01	-3.434141e-02	-1.721811e-01	1.996436e-01	-2.716527e-02	1.432993e-01	6.391344e-02	-2.854728e-01	2.830509e-01	-3.974822e-01	-1.980650e-01	5.910202e-02	4.979457e-01	3.554223e-01	-2.728066e-01	4.306200e-01	-9.347170e-04	3.520792e-01	-4.060459e-01	1.048630e-01	6.905637e-02	-4.860218e-01	4.857469e-01	-5.548602e-02	-3.257038e-01	-1.323806e-01	4.844968e-02	4.234134e-02	-1.141527e-01	-3.837824e-01	5.227605e-01	-2.608413e-01	-1.689298e-01	-3.371307e-01	9.554172e-02	3.345131e-01	1.858119e-01	-3.196802e-02	-1.954696e-01	4.494752e-02	1.493601e-01	2.573655e-01	1.453006e-01	-1.521776e-01	1.434412e-01	2.738272e-01	1.311748e-02	-3.164352e-01	-1.788415e-01	7.031357e-01	2.214677e-01	4.180975e-01	1.781660e-01	5.011137e-01	3.853781e-01	-8.747978e-01	-5.370134e-02	-2.226060e-01	3.761967e-01	3.734318e-01	-1.913234e-01	4.968812e-01	2.559761e-01	-3.075655e-01	3.331363e-01	2.542665e-02	-1.812175e-01	-2.551182e-01	-8.805351e-02	-7.343198e-03	-2.000090e-02	-1.749319e-01	-1.857252e-01	-4.331109e-02	9.237816e-02	-1.049783e-01	3.895262e-01	5.427248e-01	-8.556130e-02	-4.260397e-02	-1.006168e-02	-1.033010e-01	-1.008112e-01	-4.828494e-01	-1.596130e-01	1.747306e-01	-8.349016e-01	4.973094e-02	-3.908721e-01	3.033184e-01	1.015115e-01	-2.547973e-01	3.732489e-02	2.424509e-01	4.032646e-01	-1.919601e-01	3.141036e-01	-3.844879e-01	3.945799e-01	4.784850e-01	-5.470833e-01	5.957801e-01	-7.928615e-01	7.402661e-01	2.958010e-01	-5.949281e-01	-3.428151e-01	-7.406423e-01	4.737390e-01	3.833257e-01	-7.483012e-02	-3.668345e-02	-4.183652e-01	-6.221845e-01	3.057781e-01	3.172918e-01	-2.140635e-01	-3.930002e-02	-1.882695e-01	2.019590e-01	5.893866e-01	-6.666338e-02	5.128140e-01	-1.494873e-01	-4.487115e-01	1.355112e-01	-2.158921e-01	-6.288679e-01	-3.595258e-01	1.536670e-01	4.242505e-01	-1.205621e-01	2.266577e-01	1.178084e-01	-9.630316e-02	-2.189941e-01	-2.106132e-01	-8.121650e-03	1.584384e-01	-1.752515e-01	2.113705e-01	-2.951640e-01	9.053466e-02	1.790746e-01	2.715057e-01	7.003887e-01	-2.605663e-03	-1.069874e-01	-5.119134e-01	3.678311e-02	-6.407620e-01	1.811376e-01	-1.063271e-01	-1.374288e-01	-2.189481e-01	-5.496385e-01	-2.738215e-01	1.000123e-01	-2.142422e-01	-1.400262e-01	5.321248e-01	2.955296e-01	-5.184858e-01	-4.279386e-02	-5.303266e-02	-3.688901e-01	-2.566096e-01	-2.196277e-02	-1.332601e-01	1.410839e-01	6.539819e-02	-3.345397e-01	-2.469596e-01	-1.663854e-01	1.297152e-01	3.787422e-01	-1.565462e-01	-1.237438e-01	4.982664e-02	3.368722e-01	1.354461e-01	1.977063e-01	-1.508929e-01	6.482326e-01	1.241070e-01	7.147810e-02	1.090456e-01	-1.689818e-01	5.413307e-01	-1.462899e-01	2.601536e-01	1.157328e-01	-4.115260e-02	-1.090298e-01	-1.039826e-01	9.487608e-02	-2.715365e-02	-2.317029e-01	1.547436e-01	1.880470e-01	4.996354e-01	4.719228e-01	-4.970111e-01	4.937807e-01	1.821461e-01	-1.062103e-01	-7.766276e-02	-1.111702e-01	5.064228e-01	-1.617236e-01	2.323980e-01	4.620735e-02	1.617248e-02	-2.170936e-01	-3.558890e-01	1.820377e-01	-9.061284e-02	1.947637e-01	-3.157624e-01	2.609140e-01	5.855219e-02	2.668995e-01	3.797525e-01	-1.811550e-01	-1.636544e-01	-4.057386e-01	-1.240657e-01	5.455034e-01	-2.895649e-01	1.417889e-01	2.225028e-01	-2.055472e-01	-2.610177e-01	6.133991e-01	1.370769e-02	1.729785e-01	1.872810e-01	-3.351263e-01	-9.525245e-02	-7.258195e-01	-2.153228e-01	-2.716901e-01	3.920159e-01	4.852471e-01	3.740406e-01	-4.162056e-01	1.655309e-02	-2.626992e-02	2.614039e-02	4.324471e-01	-2.062595e-01	-3.904802e-01	-2.695762e-01	-2.233076e-01	-2.843754e-02	4.724099e-02	9.664693e-02	3.391288e-01	-8.625570e-02	3.153615e-01	-7.594179e-02	-2.163478e-01	8.872345e-02	-4.313273e-01	6.584412e-01	-3.709286e-01	3.391619e-01	6.660746e-02	1.619964e-01	-2.197358e-02	4.831809e-01	-1.652623e-01	-5.081150e-01	-1.396672e-02	-8.358952e-02	-3.479972e-01	5.508959e-01	1.768432e-01	6.822120e-02	-3.699218e-01	3.512539e-01	7.031460e-01	5.358082e-02	1.131458e-01	1.772670e-01	-2.530742e-01	-5.142263e-02	2.609005e-01	-8.703683e-02	-4.458881e-01	-3.971917e-01	-8.193588e-03	2.521842e+00	6.436470e-02	-8.508425e-02	2.250501e-01	4.160354e-01	6.266510e-01	6.722853e-02	-1.915823e-01	4.787748e-02	-1.214831e-01	1.257389e-01	-5.015247e-01	-9.122372e-02	-6.720509e-02	-2.381065e-01	1.474977e-01	-1.238707e-02	3.621563e-01	-3.088391e-01	1.275644e-01	7.624493e-02	-3.262101e-01	-4.706473e-01	-5.098013e-01	6.190409e-02	3.045661e-02	2.740450e-01	1.663556e-01	-6.621305e-01	-6.528347e-01	-7.449726e-01	4.411421e-01	-5.313390e-01	-6.451835e-01	3.102161e-01	1.495679e-01	2.936845e-01	
1.690745e-01	-3.674485e-01	7.706525e-01	9.136862e-02	1.742108e-01	1.557387e-01	-2.187871e-01	-9.733061e-02	-1.781788e-01	7.747325e-02	-1.540377e-01	4.843040e-01	1.685601e-01	1.839569e-02	-6.411862e-02	-1.661130e-01	3.216969e-01	-5.037019e-01	2.109159e-02	1.161816e-01	-4.084377e-02	9.439795e-02	-1.327720e-01	-5.007575e-02	1.234760e-01	2.267597e-01	-2.185961e-01	7.871577e-02	-3.363832e-01	-3.619290e-01	9.457092e-02	2.339438e-01	-1.863879e-01	3.497516e-01	-1.900891e-01	-9.846092e-04	-1.640671e-02	1.968155e-01	2.941509e-01	-6.531225e-01	-1.949919e-01	3.160819e-02	-9.726463e-02	1.029735e-01	-1.668162e-03	-3.992144e-01	5.542601e-02	3.900935e-02	-1.560550e-03	7.423542e-01	3.862724e-03	-1.477676e-01	-1.406963e-01	3.639024e-02	-4.604743e-02	3.972519e-01	9.861500e-02	-1.214746e-01	-2.949023e-02	-7.124653e-02	-1.054785e-01	7.920179e-02	-4.177032e-01	-1.107813e-01	-1.466870e-01	-1.440660e-02	-2.752192e-01	2.254233e-02	2.715222e-01	4.488941e-01	-2.115830e-01	7.466614e-02	4.304191e-01	5.599290e-02	-4.284326e-01	4.446154e-01	1.529987e-02	-8.173168e-02	-6.247430e-01	-5.736296e-01	5.390962e-01	2.495344e-01	2.961462e-01	1.503520e-01	-2.006461e-01	4.079475e-01	3.148189e-01	4.714293e-02	5.867713e-01	-4.389679e-01	1.688139e-01	-7.597886e-02	8.636042e-01	2.001973e-01	-2.650329e-01	2.877851e-01	6.540650e-02	4.154608e-01	1.089580e-02	1.214716e-02	-2.718556e-01	-4.170733e-02	4.338703e-01	-2.036674e-02	5.310497e-02	-2.264987e-01	4.992234e-01	3.051131e-03	-2.408288e-01	3.402183e-01	3.705439e-02	2.695769e-02	1.441681e-01	-1.784549e-01	1.995537e-01	-4.556706e-01	-3.288475e-01	2.023957e-01	1.871151e-01	-2.956275e-01	-1.690006e-01	-4.380833e-02	-1.618790e-01	9.455471e-02	1.105732e-01	-2.498281e-01	9.435949e-02	9.202110e-02	-9.006557e-02	1.146367e-01	-8.993091e-02	-1.193969e-01	9.204065e-03	2.040364e-01	4.739389e-01	-6.893043e-02	1.040132e-01	-1.303201e-01	-1.659277e-01	8.077713e-01	-1.851721e-01	-4.921341e-02	-3.692275e-01	-2.650895e-01	-2.275924e-01	-7.447237e-02	-3.142991e-01	2.346627e-01	-4.221763e-01	-1.255049e-02	-1.492044e-01	2.294046e-01	4.367947e-01	1.165083e-01	-5.748848e-02	1.652313e-01	3.620608e-02	5.839388e-02	-2.762852e-01	2.238705e-01	-2.405440e-02	3.700751e-01	-1.261133e-01	4.699498e-02	-3.826577e-02	-1.765074e-01	6.683229e-02	-1.928630e-01	-1.711430e-01	6.400576e-02	-7.015229e-02	-1.780969e-03	-2.798781e-01	2.120712e-01	3.897095e-01	4.993897e-01	-4.458675e-02	2.857926e-02	-9.742134e-02	-3.634502e-01	-4.728075e-01	1.576812e-01	-5.446874e-02	-5.141311e-03	1.160861e-01	1.973111e-01	7.249404e-02	2.689137e-01	-6.898531e-02	6.237440e-02	5.496104e-03	-1.103346e-01	-2.261634e-01	8.359614e-02	5.566299e-02	4.255933e-01	-3.304884e-01	2.630557e-01	-1.427001e-01	4.395853e-02	-3.433416e-01	8.071481e-03	-4.569176e-02	3.609415e-01	-2.586243e-01	3.345623e-01	1.350103e-01	-2.617058e-02	-1.131573e-01	7.618684e-01	-3.476618e-01	-1.007001e-02	2.130197e-01	3.150557e-02	3.760015e-01	4.126253e-01	-3.296022e-02	-1.095261e-01	-9.395055e-03	3.062464e-01	-2.229828e-02	-5.590663e-02	-1.738730e-01	-4.988892e-02	-1.842829e-01	-1.702494e-01	-6.186658e-02	6.497934e-02	-2.723988e-01	-3.083647e-01	-4.676192e-01	-2.453101e-01	-3.919015e-02	1.467994e-01	-2.114329e-01	1.378651e-01	2.952934e-01	-1.965797e-01	-3.589169e-01	-9.106836e-03	5.431927e-02	1.752569e-01	-8.777417e-02	-2.052819e-01	2.295525e-01	1.294302e-01	-8.552641e-02	-3.257725e-01	2.879413e-01	3.061811e-02	-3.118206e-01	1.912430e-01	3.980265e-01	-1.378579e-01	-1.797148e-01	1.647548e-01	8.328456e-02	-1.620529e-01	1.892007e-01	-2.410605e-01	2.014238e-01	-1.231460e-01	-1.417717e-01	2.789517e-01	3.698486e-01	3.114557e-01	9.257665e-02	9.069490e-02	-5.804063e-02	3.436525e-01	-3.098347e-01	4.311742e-01	3.985766e-01	-1.008735e-01	8.902585e-02	7.278724e-02	6.352163e-02	-2.099952e-01	-1.294322e-01	6.178322e-02	-1.671850e-02	-1.049406e-01	-5.432403e-02	1.531815e-01	-3.330049e-01	-1.603945e-01	2.702698e-01	-3.146843e-01	4.029728e-01	-1.319744e-01	-2.486426e-01	-3.959600e-01	3.620216e-02	3.081006e-01	2.035423e-01	-5.584273e-01	-3.427745e-01	-1.509166e-01	-3.742922e-02	3.204091e-03	1.048445e-01	1.311826e-01	-5.999645e-02	4.633621e-03	-4.668198e-01	-5.028610e-02	-3.147673e-01	-2.474217e-01	6.691313e-01	1.057347e-01	-6.386617e-01	5.249131e-01	-2.033162e-01	1.053500e-01	2.436134e-01	8.954308e-03	6.674168e-03	-3.635778e-02	-3.407524e-01	1.224439e-01	9.370089e-02	4.579197e-02	3.830687e-01	2.906068e-01	-2.998080e-01	9.134822e-02	3.615937e-01	-3.406165e-01	2.203123e-01	2.607929e-01	-2.284030e-01	1.026554e+00	5.610517e-02	-6.104028e-01	2.448017e-01	7.726286e-02	-1.773939e-01	4.037951e-01	-3.671001e-01	-2.117261e-01	-1.065486e-01	-2.622232e-01	6.186653e-01	-3.366955e-01	3.468531e-02	-3.908032e-01	-3.238312e-01	8.474008e-01	8.432752e-02	-7.678791e-01	2.736574e-01	2.420492e-01	2.513507e-01	4.767479e-03	-3.091214e-02	5.034067e-02	-6.468640e-01	-8.761949e-03	1.717025e-01	-3.523364e-01	-1.069339e-01	1.542827e-01	1.156378e-01	-3.936752e-03	-3.572709e-01	1.670813e-01	-1.335654e-01	-1.258075e-01	1.043747e-01	4.843560e-01	1.051663e-01	4.481285e-01	-3.852268e-01	-4.732536e-01	4.058399e-01	1.203784e-01	-1.019421e-01	-5.515502e-01	7.390103e-01	-1.332099e-01	-3.321978e-03	-2.397533e-01	-1.625324e-01	-7.451001e-02	1.898513e-01	2.194460e-01	2.590731e-01	7.114085e-04	4.854700e-01	-4.270296e-02	-6.216065e-03	-6.546304e-02	-1.236761e-01	-1.543205e-01	-9.101330e-03	3.037558e-01	2.293609e-01	2.159503e-01	-3.835267e-01	7.810576e-02	1.333265e-01	-5.555645e-02	-3.071759e-01	9.912536e-02	-2.326766e-01	4.352282e-01	5.317965e-01	1.917615e-01	4.416015e-02	-1.057470e-01	1.895444e-01	2.594713e-01	1.602612e-01	2.381857e-01	2.436826e-01	2.378124e-01	-6.736103e-01	-2.179777e-02	-5.152978e-02	5.887915e-01	1.262187e-01	-1.206625e-01	1.940488e-01	-1.346033e+00	7.657187e-02	1.644934e-01	-7.554930e-02	-2.043481e-01	-2.388613e-01	-2.313614e-01	-2.265268e-01	-2.107324e-01	-5.721109e-02	-4.961158e-02	-1.599033e-01	-1.360820e-01	1.873792e-01	-1.548265e-01	-3.577870e-01	4.624452e-02	8.843510e-02	1.350341e-01	3.266562e-03	6.218739e-03	1.115492e-02	2.062283e-01	-3.557468e-01	-1.666103e-01	1.832150e-01	2.836361e-01	-1.294961e-01	-5.074462e-02	-1.840031e-01	-1.941789e-01	-2.977861e-01	1.401999e-01	-2.507032e-01	1.050097e-01	-1.412872e-01	-4.963981e-01	-3.525753e-02	1.157344e-01	3.288802e-01	-4.349573e-02	-3.015068e-02	-3.561415e-01	-1.649556e-01	-1.596735e-01	2.279655e-02	3.963518e-01	-2.163957e-01	6.629522e-02	-1.061415e-01	-9.781943e-02	1.778058e-01	-1.193919e-01	-4.576559e-02	-2.337455e-01	2.555502e-01	1.027362e-01	-1.512979e-01	-5.900671e-02	7.180635e-01	-1.279458e-01	-1.738843e-01	1.865117e-01	1.762567e-01	-9.438638e-02	3.366480e-01	2.155536e-01	3.922187e-01	-1.350663e-01	-7.233682e-02	-5.100339e-01	2.261321e-01	1.161313e-01	3.320327e-02	-2.550717e-01	-4.796593e-02	4.635059e-01	2.593071e-01	1.742605e-01	-1.380264e-01	-8.736007e-02	-3.554872e-02	-1.660577e-01	-5.542846e-02	1.577233e-01	1.249457e-01	-8.765156e-02	-1.659156e-01	-8.524224e-01	-3.162694e-01	8.819470e-02	-8.587397e-02	1.661521e-01	2.523587e-01	-3.432643e-01	1.093769e-01	3.589819e-01	-1.325027e-01	-2.703108e-02	5.403344e-02	-2.539799e-01	1.843761e-01	-8.045627e-01	-2.013476e-01	-1.426873e-01	-3.231991e-02	-8.005705e-02	-2.109396e-01	2.147589e-01	-4.625427e-02	4.531171e-01	2.642312e-02	6.954906e-01	1.271012e-01	3.258938e-01	2.035298e-01	-7.341959e-02	3.452252e-02	-1.206707e-01	-2.776887e-02	1.483649e-01	5.012142e-02	1.532853e-01	-1.864070e-01	2.503059e-01	4.516368e-02	-1.087045e-02	4.882507e-02	-1.653205e-01	1.789054e-01	-1.064796e-01	-4.193125e-02	1.619821e-01	-1.328954e-01	-2.966186e-01	3.385346e-01	1.308038e-01	4.241785e-02	-9.409788e-03	8.362093e-02	1.022670e-01	1.058432e-01	8.772797e-02	-2.627204e-01	9.153707e-02	-5.395831e-02	1.953961e-01	1.821679e-02	4.855423e-01	3.957288e-03	4.366737e-01	-1.729684e-01	1.630991e-01	7.275590e-02	1.524114e-01	-1.243030e-01	6.617405e-02	-3.247016e-01	-2.615010e-01	-2.870432e-01	3.947853e-03	2.539262e-01	-1.013296e-01	5.722020e-02	4.081969e-01	-3.268658e-02	-2.376553e-01	1.787297e-01	9.168787e-02	-7.156476e-01	-3.047333e-01	2.508351e-02	-2.215482e-01	-5.663897e-02	-2.259941e-01	2.804282e-01	1.564716e-01	2.753962e-01	-2.149109e-01	-1.634530e-01	-3.296327e-01	-6.324184e-01	7.021211e-02	-6.075647e-02	-2.836643e-01	-2.820405e-01	-2.964312e-01	1.337202e-01	6.993360e-02	-1.290084e-01	-1.550170e-01	7.767010e-02	-1.638879e-01	-4.449565e-02	2.082219e-01	-1.160496e-01	2.139750e-01	3.089645e-01	8.152238e-02	4.051644e-01	8.845457e-02	2.476362e-01	-2.430938e-02	1.700037e-01	-1.616888e-02	1.079970e-01	-7.956192e-02	3.779324e-02	5.896951e-02	-2.150592e-01	-8.023281e-02	6.880683e-02	1.147652e-01	-2.056313e-01	2.304075e-01	-1.709962e-01	3.320018e-01	-2.519781e-01	2.630844e-01	4.877022e-01	-2.150699e-01	-7.755434e-02	-4.033093e-03	-2.256656e-01	4.873543e-01	-1.732607e-01	-7.742086e-02	2.671848e-01	1.567272e-01	8.880157e-02	-1.329150e-02	-1.794409e-01	2.979204e-01	-3.445774e-02	-1.226938e-01	-2.901128e-01	3.475232e-01	1.955620e-01	5.267508e-01	2.689491e-01	-1.569017e-01	-1.307499e-01	2.233556e-01	-4.180544e-01	-2.476841e-01	2.504840e-01	1.809198e-01	8.238754e-02	3.820741e-01	2.806398e-02	-4.926547e-03	2.035802e-01	-1.292001e-02	8.798060e-02	1.491934e-01	1.301658e-01	-1.072837e-01	1.368713e-02	2.782385e-02	-4.217153e-02	4.827226e-02	-2.053582e-01	2.693558e-02	-2.187450e-01	-9.325398e-02	-7.366408e-02	8.660997e-02	1.010264e-01	1.848504e-01	1.107184e-01	-1.399620e-02	-3.542568e-01	-2.814894e-01	-1.020322e-01	2.322329e-01	4.794329e-01	-1.264700e-01	1.065752e-01	-6.425868e-01	2.320957e-01	-4.967013e-01	-3.850407e-01	-1.343540e-01	-2.328031e-01	-3.141105e-01	3.516692e-02	2.657149e-01	4.705597e-01	-2.921290e-01	6.873550e-02	-1.135994e-01	-4.372056e-02	3.318530e-02	2.444615e-01	-3.709486e-01	-1.888979e-01	2.009591e-01	6.521714e-02	8.456291e-02	-4.625359e-01	-2.883939e-02	2.161480e-02	-2.180606e-01	1.637520e-01	1.962990e-01	3.369230e-02	-3.672401e-01	-1.436150e-01	-1.458101e+00	-1.187709e-02	-8.809307e-02	8.344318e-02	-3.490627e-02	1.439274e-01	5.111211e-01	-1.194901e-02	2.356263e-01	2.320927e-02	-1.821678e-01	-3.727851e-01	1.161717e-01	-2.730003e-01	6.789803e-02	2.731794e-01	-9.831326e-02	3.120154e-01	-1.400436e-01	-2.676449e-01	3.951876e-01	-2.854851e-01	-1.750059e-01	-3.269759e-01	5.823297e-02	-2.579001e-01	3.961702e-01	1.227528e-01	3.092819e-01	-2.611113e-01	-5.693540e-01	8.068380e-02	-4.365945e-01	3.568603e-02	-1.223170e-01	-6.815332e-02	-8.331349e-02	2.769741e-01	-3.880545e-01	5.101152e-01	1.949077e-01	-2.782831e-02	1.585589e-01	-4.016902e-01	-1.438221e-01	-4.697581e-01	-3.201756e-01	-2.888948e-02	1.111990e-01	5.027267e-02	-2.684927e-01	-3.150395e-01	-2.502014e-01	-3.399996e-02	-2.946006e-01	3.934276e-01	-1.584126e-01	7.826475e-02	8.090365e-01	-7.396119e-01	-6.263919e-02	-1.246997e-01	-2.340296e-01	-9.104032e-02	-4.040743e-01	-5.893491e-01	4.991241e-02	2.417499e-01	4.595806e-01	-2.300132e-01	1.530419e-01	-4.398990e-01	1.034863e-01	-1.530190e-01	-7.147058e-02	1.146687e-01	-7.519910e-01	-3.901017e-01	2.382404e-01	-1.460528e-01	5.114290e-01	-1.944054e-01	-4.460641e-01	-1.648009e-01	2.144077e-01	1.244258e-01	4.856067e-01	1.551609e-01	-5.199062e-03	3.442292e-02	-4.620813e-02	8.526877e-02	1.941988e-01	-6.724269e-02	-3.867910e-01	-2.094298e-01	-2.506811e-01	-2.727745e-01	-1.202486e-01	-1.536288e+00	-3.803869e-01	5.863552e-02	-1.392380e-01	5.966793e-02	-1.409052e-01	3.584487e-01	-8.556771e-02	-3.862072e-01	1.791821e-01	3.369394e-01	-1.748666e-01	-4.070458e-01	-8.648136e-02	-4.774794e-01	-1.909095e-02	-2.655658e-01	-4.011679e-01	4.622458e-01	8.267304e-02	4.934103e-01	-1.138267e-01	-9.953085e-02	4.253407e-01	2.191275e-01	-1.423664e-01	1.425772e-01	-2.213584e-01	3.673765e-01	2.667869e-02	8.094614e-01	1.995884e-01	-4.995545e-01	-3.009960e-01	3.148487e-01	5.160289e-01	-4.130543e-02	-1.014062e-01	-2.815993e-01	-2.767029e-01	-3.117396e-01	7.239477e-02	-4.211433e-01	-3.217462e-03	7.171464e-01	-1.165845e-01	-1.973435e-01	-1.747974e-02	-9.445588e-02	3.458130e-01	4.724106e-01	-4.224119e-01	-6.701469e-02	-3.504278e-01	-7.486672e-01	-2.304002e-01	-2.015760e-01	-6.609750e-01	-1.417573e-01	-3.294576e-01	2.020496e-01	-8.873586e-02	1.050420e-01	-1.065589e-01	2.281341e-01	2.197487e-01	-1.221710e+00	3.195620e-01	3.090456e-01	-4.992539e-01	-1.409086e-01	3.589477e-01	9.814220e-02	-1.073538e-01	-5.226040e-02	-3.474896e-01	-2.917826e-01	4.704459e-01	-5.977654e-01	-3.945461e-01	-3.102562e-01	-3.520436e-01	-3.292691e-01	-3.405999e-01	-3.415786e-01	-4.045446e-01	-4.249747e-01	-1.905375e-01	-5.160017e-01	3.896142e-02	2.933286e-01	1.295918e-01	5.506509e-01	4.352093e-03	-8.662942e-02	-9.626804e-02	-4.602073e-01	7.154620e-02	-1.339365e-01	9.106502e-01	2.094967e+00	-6.272731e-01	2.844387e-01	-2.078949e-01	-1.580216e-01	-1.864752e-01	-1.642805e-01	-4.888880e-01	-2.406293e-01	-5.888750e-02	2.830688e-02	-1.644038e-01	5.512213e-01	8.986576e-01	-3.467664e-01	-2.417316e-01	8.116858e-02	-3.872629e-01	-2.071083e-01	-1.195169e-01	-1.530519e-01	-2.698043e-01	1.819060e-01	3.092568e-01	1.092687e-02	5.596586e-01	-1.059335e-02	6.483352e-01	-4.002363e-01	-3.292742e-01	-3.944288e-01	2.197227e-01	-2.355645e-01	3.484007e-01	-2.993111e-01	2.324146e-01	-5.427330e-01	-1.183742e-01	-2.373834e-01	4.430194e-02	-6.070695e-02	2.954638e-01	-3.491333e-01	2.865331e-01	-3.065005e-02	1.603613e-01	-1.552673e-01	3.138863e-01	-2.727444e-01	3.256523e-03	9.857165e-01	-3.594539e-01	1.272420e-01	4.714432e-01	-1.005360e-01	-3.012141e-01	-5.364743e-01	3.838921e-01	-6.650049e-01	7.464840e-02	-3.331967e-01	9.883163e-02	-9.621139e-02	-2.942114e-01	1.168235e-01	-3.297215e+01	-3.849986e-01	-3.194150e-01	-4.121569e-01	9.031926e-02	1.183968e-01	3.197045e-03	-1.178062e+00	2.630218e-01	2.583792e-01	-5.191384e-01	-5.309839e-01	-1.141207e-02	4.638479e-01	1.380006e-01	-2.611550e-01	-1.863838e-01	-2.520982e-01	-2.186654e-02	1.851626e-01	-3.522958e-01	2.351327e-01	-3.117856e-02	-4.422283e-01	3.561990e-01	3.689686e-01	2.865529e-01	-4.204343e-01	-1.006647e-01	1.274724e-01	-3.298579e-01	-1.423061e-01	-1.373474e-01	5.137314e-02	4.774846e-01	3.643683e-01	4.899412e-01	8.193760e-01	2.700193e-01	-4.597611e-02	-4.932568e-02	6.875650e-02	5.806404e-01	-4.340787e-01	4.860228e-01	4.557244e-01	-8.404714e-02	1.093414e-01	-7.461599e-02	-2.641144e-01	1.367438e-01	6.604976e-02	1.212998e-02	2.252836e-01	9.593513e-02	2.487196e-01	-5.455235e-03	-1.716688e-01	-1.550259e-01	2.508042e-01	-7.818439e-03	3.445165e-01	-1.605964e-01	-3.721264e-01	-2.547554e-01	-1.113479e-01	8.419251e-02	6.667468e-02	-3.026054e-01	5.988940e-02	-3.856836e-01	-1.554157e-01	-4.517997e-01	9.396630e-02	1.104906e-01	9.514008e-02	7.907700e-02	-2.020874e-01	-1.682081e-01	-6.092356e-01	-3.628100e-02	2.782530e-01	4.380997e-02	-3.495448e-01	5.317611e-01	-2.435075e-01	-1.079443e+00	5.436019e-01	-1.573035e-01	6.777906e-02	-1.779710e-03	3.464575e-01	8.994214e-02	5.471505e-01	-1.355971e-01	4.707349e-01	4.927726e-01	-4.621480e-01	-6.142959e-02	1.541051e-01	-4.014813e-01	3.974371e-01	2.543265e-02	-1.418760e-01	2.524939e-01	6.308821e-03	-9.451657e-01	3.889719e-01	3.327884e-01	-4.327925e-01	4.376314e-01	-4.110360e-01	1.991861e-01	-4.544193e-01	-5.339928e-01	4.321007e-01	-4.023197e-02	-2.230134e-01	-5.622365e-01	-2.753466e-01	-2.806288e-01	3.733503e-01	-7.756858e-01	4.306694e-01	2.322903e-01	6.082933e-02	5.278196e-03	-2.183718e-02	-1.074372e-01	-3.890772e-01	-4.072101e-01	2.288951e-01	-7.634590e-01	-2.668331e-01	-4.665298e-01	1.086991e-01	-1.992384e-01	3.573921e-02	1.743644e-03	-1.101829e-01	-4.874415e-01	6.110818e-02	2.325486e-01	1.164086e-01	-3.801501e-01	-3.387904e-01	7.090863e-02	4.809296e-01	1.483520e-01	-1.076007e-01	-4.128927e-01	5.238160e-01	-3.344809e-02	-4.997806e-02	-1.970639e-01	-1.769191e-01	-5.714178e-02	4.188985e-02	3.625543e-01	5.582606e-01	9.268680e-02	-6.439237e-03	2.361856e-01	1.422008e-01	-1.183796e-01	-3.618987e-01	-4.663372e-01	-9.342182e-03	1.414176e-01	3.168960e-01	6.516342e-01	-6.206627e-01	2.652878e-01	-5.814243e-02	-4.732257e-02	-4.534988e-01	-4.339581e-01	-2.754952e-01	3.175850e-01	4.107063e-01	3.077127e-01	1.802547e-01	2.480500e-01	4.865992e-01	8.509460e-02	4.969239e-02	-2.874967e-01	2.796404e-01	-1.684009e-01	-1.873823e-01	-1.399622e-01	-2.890685e-01	4.428885e-01	-1.884912e-01	-4.426348e-01	1.079114e-01	-6.135067e-01	1.067590e-01	2.440518e-01	1.671852e-01	-5.093780e-01	-2.624220e-03	-4.606416e-01	-8.759482e-02	3.436027e-01	1.968233e-01	6.924681e-02	-3.158495e-01	9.102805e-02	2.425880e-01	-1.439114e-02	-4.568290e-01	-1.851791e-01	3.126655e-01	3.770137e-01	-2.177217e-01	-2.007005e-01	-1.013993e-01	1.112390e-01	-6.026557e-01	5.040137e-02	1.739425e-01	-8.515266e-02	-2.737651e-01	3.343639e-01	-2.091917e-01	-5.561382e-01	2.479077e-01	1.970141e-01	-3.490923e-02	5.046974e-01	-2.265782e-01	-1.141911e-02	-1.823895e-01	3.920394e-01	-1.557896e-01	-1.438594e-01	-2.558055e-01	4.219171e-02	-1.036592e-03	-2.128528e-01	1.981820e-02	4.424296e-01	7.219236e-02	-3.613395e-01	-4.105572e-01	-7.095788e-02	-1.270444e-01	7.585812e-02	-5.694148e-01	-4.740266e-02	3.138412e-01	6.124415e-01	2.578692e-01	-2.059323e-01	-3.493696e-01	-3.556297e-01	-2.269783e-01	1.182231e-01	-2.910751e-02	-2.144551e-02	1.248929e+00	2.549066e-01	4.922985e-01	-1.004971e-01	1.070915e-01	3.856828e-02	1.397498e-02	4.840296e-01	1.846853e-01	-3.256675e-01	2.171433e-01	7.832962e-01	5.346239e-01	-7.294691e-02	-3.702511e-01	1.053936e-01	1.048290e-01	-1.334778e-01	-2.750439e-01	1.687893e-01	2.824699e-01	-1.180562e-01	-1.410411e-01	-4.020946e-02	-1.564128e-01	-1.938747e-01	-1.476800e-01	2.819886e-01	1.572582e-01	-2.687528e-01	1.099219e-01	1.580054e-01	-1.216332e-01	-4.558882e-01	-7.848550e-02	-3.963852e-01	2.894056e-01	-7.525206e-01	-1.096629e-01	-3.264233e-01	7.226061e-02	-3.066767e-01	-4.092955e-01	5.228959e-01	-1.323958e-01	4.540810e-01	-3.641377e-03	4.195600e-01	1.650274e-01	3.380316e-01	2.430473e-01	-6.437410e-01	3.257393e-01	-4.050927e-01	1.901975e-02	-1.707788e-01	-2.204382e-01	-1.628338e-01	3.165068e-02	3.891872e-01	2.990180e-01	-5.807503e-02	-2.839908e-01	-5.227029e-01	-2.796721e-01	-2.928384e-01	-3.767280e-02	7.460661e-02	-2.816787e-01	9.755550e-02	3.083540e-01	2.735461e-01	4.397956e-01	-5.130937e-02	-4.929994e-02	-1.919403e-02	-1.115683e-01	2.021566e-01	-1.809647e-01	1.932227e-02	2.802530e-02	2.290286e-01	-1.150760e-01	3.614385e-01	7.191514e-02	2.582838e-01	-1.030644e-01	-1.060223e-01	1.872777e-01	2.049816e-01	9.558008e-02	6.200482e-02	-3.823641e-01	-1.584493e-01	-4.343274e-01	1.350207e-01	8.562704e-01	2.182908e-01	-5.623354e-03	-1.185572e-02	-2.103215e-01	-3.955190e-01	-1.252151e-01	-2.089533e-01	-3.921780e-01	-6.630556e-01	-5.338802e-01	-2.627487e-01	-3.033031e-01	-3.362395e-01	2.821074e-01	7.970778e-01	-9.603505e-02	5.134649e-02	-3.089149e-01	-2.621672e-01	-4.648427e-01	7.685920e-02	-3.287940e-01	-2.239258e-01	-3.595947e-01	2.319309e-01	-7.754713e-02	-3.257651e-02	2.234145e-02	-1.982108e-01	3.714620e-01	1.752191e-01	3.178211e-02	4.614918e-02	-2.875919e-01	4.490652e-02	2.394033e-01	3.347495e-01	2.947436e-01	1.877902e-01	5.267639e-01	1.898541e-02	-2.297305e-01	3.709413e-02	5.101399e-02	2.650516e-01	-2.045719e-01	-1.495815e-01	-3.642065e-01	-2.226330e-01	8.136456e-02	-7.376919e-02	-2.854383e-01	5.726724e-01	-7.064542e-02	2.837433e-01	-1.706929e-01	3.468200e-01	7.526474e-01	-1.432238e-01	-3.034898e-01	-3.133070e-01	-2.385295e-01	6.899337e-01	-8.895851e-02	-1.551949e-01	-3.579680e-01	1.769610e-01	-3.569354e-01	-1.678727e-01	3.163210e-02	5.491567e-02	3.067865e-01	-3.459068e-01	1.988942e-01	2.344507e-01	-3.023852e-01	1.230226e-01	-6.843229e-02	1.959902e-01	4.592416e-02	-6.728676e-02	3.132281e-01	-2.115190e-01	1.621652e-01	3.526294e-01	-1.835621e-01	1.725904e-01	3.101310e-01	-1.588501e-01	3.298923e-02	2.744003e-02	-3.688906e-02	1.431579e-01	-3.608531e-01	-4.773690e-02	9.842841e-02	1.623967e-01	-9.700424e-02	4.382079e-01	-5.778537e-01	6.746422e-02	-2.021052e-01	-4.092509e-01	2.650745e-01	1.331726e-01	-2.750831e-01	-1.051271e-01	-4.634831e-01	1.375684e-01	-2.171923e-01	-5.958665e-01	-2.764696e-01	3.244993e-01	5.369398e-01	-1.508509e-01	2.986501e-01	-3.411451e-02	2.381329e-01	-1.053500e-02	-3.422515e-01	-3.245805e-01	1.560678e-01	-3.513769e-01	1.222387e-01	2.169137e-01	4.479446e-01	-3.497981e-01	2.885401e-02	1.618978e-02	-1.669338e-01	3.341703e-01	6.395802e-01	-2.531178e-01	-4.643319e-01	2.188222e-01	4.197901e-01	-3.765192e-01	-4.289686e-02	5.499029e-02	-4.469331e-01	-1.767547e-01	3.072158e-01	2.218140e-01	-4.060944e-01	-1.750522e-01	2.024439e-02	2.157676e+00	-4.200130e-02	1.774906e-02	-1.963694e-01	6.916397e-02	3.900128e-01	2.170675e-01	1.415024e-01	-2.233425e-02	-8.838255e-03	9.942006e-02	-4.046019e-01	2.700587e-01	-5.434169e-01	-1.091288e-01	5.275589e-01	-1.777559e-01	2.101495e-01	2.052997e-01	-2.698711e-01	6.646917e-01	-7.687519e-02	-4.996307e-01	-5.567316e-01	-9.646659e-02	-3.666333e-01	5.137069e-01	1.429861e-01	-3.390136e-01	-5.280073e-01	-2.861460e-01	-7.960231e-02	-4.126363e-01	-3.578991e-01	-1.281254e-01	-1.070845e-02	-4.765114e-02	3.275962e-01	-2.820788e-01	2.838787e-01	-2.199648e-04	-9.739497e-02	1.194867e-01	-3.785691e-01	-1.543565e-01	-2.765748e-01	-4.068690e-01	-9.769905e-02	8.658343e-02	3.583763e-02	-3.163716e-01	-3.463863e-01	-3.289846e-01	4.511532e-02	-1.562006e-01	3.522653e-01	-7.131365e-02	-4.605696e-03	8.785782e-01	-6.771557e-01	2.293429e-02	-1.405284e-01	-4.400487e-01	1.124707e-01	-3.373654e-01	-3.894141e-01	-5.155231e-02	3.777076e-01	4.272749e-01	-3.409405e-01	-1.364320e-02	-2.066123e-01	1.032572e-01	-3.361630e-01	-3.042099e-01	1.515160e-01	-5.846728e-01	-3.823685e-01	2.050779e-01	3.918400e-02	6.018445e-01	-4.027442e-01	-5.163239e-01	-3.802866e-01	3.380383e-01	2.173844e-01	3.778943e-01	2.891686e-01	-8.182286e-02	3.482091e-01	-1.057228e-02	3.466391e-01	1.116328e-01	-1.865017e-01	-5.051296e-01	-2.457808e-01	-6.047529e-02	-2.619697e-01	-1.969137e-01	-1.358537e+00	-3.217084e-01	-1.203203e-02	-7.867509e-02	1.514681e-01	-2.370789e-01	2.719578e-01	1.544598e-01	-1.263651e-01	1.084248e-03	4.424585e-01	-2.620771e-01	-3.016330e-01	-2.407649e-01	-4.829890e-01	-8.777182e-02	-3.349824e-01	-3.610916e-01	2.614482e-01	-8.198381e-02	4.273631e-01	-9.219322e-02	1.049893e-01	2.231028e-01	2.554958e-01	-1.951585e-01	-1.138867e-01	-2.689748e-02	3.177015e-01	-1.664371e-02	6.647530e-01	1.541326e-01	-4.889641e-01	-4.972499e-01	2.834351e-01	2.784536e-01	1.633877e-02	-2.338517e-01	-1.859011e-01	-2.600495e-01	-4.862817e-01	7.891824e-02	-3.908309e-01	8.807480e-02	4.386180e-01	-1.525655e-01	-2.006255e-01	-1.348457e-01	-2.085237e-01	3.087774e-01	4.184147e-01	-2.948827e-01	1.018266e-01	-2.567846e-01	-7.371067e-01	-2.422033e-01	-1.840207e-01	-3.911665e-01	-2.771350e-01	-4.449585e-01	2.086711e-01	-2.354518e-01	-1.676626e-02	-3.786807e-02	5.094263e-02	1.196056e-01	-1.292218e+00	2.521247e-01	4.131591e-01	-3.118023e-01	-1.670344e-02	2.626989e-01	1.535487e-01	-8.667458e-02	-5.425905e-02	-3.445677e-01	-2.849785e-01	2.697669e-01	-5.340058e-01	-4.659200e-01	-2.353158e-01	-3.044191e-01	-2.772276e-01	-3.608526e-01	-2.855593e-01	-4.060292e-01	-3.817484e-01	-4.706218e-02	-3.949271e-01	-7.273022e-02	3.861411e-01	7.099720e-02	6.408343e-01	5.993971e-02	3.263990e-02	-2.193847e-01	-4.533420e-01	1.433673e-01	2.315679e-02	9.587622e-01	2.262940e+00	-3.486863e-01	3.641560e-01	-2.027564e-01	-1.706365e-01	-1.443465e-01	-2.495181e-01	-5.626050e-01	-2.204250e-01	-2.611137e-01	1.179941e-02	-9.631854e-02	7.870864e-01	7.484540e-01	-2.934854e-01	-1.962363e-01	4.824272e-02	-3.417468e-01	-2.023309e-01	6.838190e-02	3.996511e-02	-1.340752e-01	2.364979e-01	2.566845e-01	-1.046771e-01	5.389823e-01	-2.074277e-01	4.882315e-01	-3.832126e-01	-3.601622e-01	-3.173701e-01	1.966762e-01	-3.856405e-01	-6.600763e-01	-1.235991e-01	2.933809e-01	-3.822007e-01	-1.678260e-01	-3.186028e-01	1.914177e-01	-1.577122e-01	3.660701e-01	-2.458546e-01	3.002270e-01	-3.059856e-02	1.336018e-01	-2.460241e-01	2.265175e-01	-2.439923e-01	3.490565e-02	8.172780e-01	-5.367095e-01	7.107851e-02	5.659468e-01	-1.290080e-01	-2.441278e-01	-3.432128e-01	3.557237e-01	-6.460339e-01	8.667046e-02	-2.875801e-01	1.759665e-01	-3.637332e-02	-2.301797e-01	1.192734e-01	-2.565403e+01	-3.131180e-01	-1.998542e-01	-3.371757e-01	2.474617e-01	4.715816e-02	-3.704287e-03	-1.216870e+00	1.471082e-01	6.749333e-02	-4.558619e-01	-5.493532e-01	-6.339873e-02	2.239422e-01	5.429719e-02	-1.947479e-01	-2.623390e-01	-1.553029e-01	-1.066545e-01	5.050777e-02	-1.312693e-01	1.601317e-01	8.425764e-02	-4.809390e-01	3.231402e-01	3.418619e-01	5.124213e-01	-3.523280e-01	-2.205916e-01	2.439195e-01	-4.112507e-01	-8.092439e-02	-3.567770e-02	-4.008618e-02	3.873436e-01	5.032533e-01	2.173683e-01	6.547613e-01	2.808637e-01	1.201622e-01	-2.848499e-02	1.682997e-01	4.154278e-01	-1.949612e-01	3.621325e-01	4.302212e-01	-1.033274e-01	2.280900e-01	-5.814863e-02	-3.149088e-01	2.490322e-01	4.615614e-02	1.672663e-01	4.527117e-01	-1.288128e-01	3.107477e-01	1.135577e-01	-4.620977e-02	3.316366e-02	2.866805e-01	-1.175311e-01	1.040491e-01	-5.514959e-02	-1.930539e-01	-2.505881e-01	-1.902330e-01	2.548057e-02	8.266659e-03	-1.932777e-01	7.930870e-02	-3.466584e-01	-1.527766e-01	-3.015873e-01	-5.767426e-02	1.020544e-02	2.555560e-01	-1.055107e-02	-1.739860e-01	-1.837739e-01	-4.935807e-01	-2.971811e-02	1.732442e-01	-8.841541e-02	-2.314944e-01	4.526889e-01	-1.309196e-01	-1.146146e+00	6.171383e-01	-1.490242e-01	2.418299e-01	2.013198e-01	4.103594e-01	5.320775e-02	5.588655e-01	-1.903408e-01	4.563665e-01	4.013588e-01	-3.226378e-01	-4.995630e-02	7.987032e-03	-2.257035e-01	3.059462e-01	1.233749e-01	1.726836e-02	4.252898e-02	-7.204327e-02	-6.684649e-01	3.352083e-01	1.662714e-01	-3.400820e-01	5.374838e-01	-2.499952e-01	2.159863e-01	-5.822401e-01	-4.774495e-01	2.206290e-01	-5.913173e-03	-2.005513e-01	-4.751765e-01	-4.550290e-01	-4.076940e-01	3.243417e-01	-5.475171e-01	2.176502e-01	1.769046e-01	5.815247e-02	-8.746470e-02	-2.316865e-02	-1.029503e-01	-1.704356e-01	-3.308693e-01	1.424143e-01	-6.533878e-01	-2.865376e-01	-4.366976e-01	-1.586839e-01	-1.636129e-01	1.000620e-01	-5.935848e-02	-2.220202e-01	-3.580371e-01	1.627320e-01	1.181897e-01	9.614216e-03	-4.488710e-01	-3.476218e-01	1.067047e-01	4.312463e-01	1.782511e-01	-1.921897e-02	-1.505827e-01	4.407725e-01	1.423389e-01	-1.668838e-01	-2.117999e-02	-2.074210e-01	-2.783953e-02	-1.619143e-02	5.214026e-02	5.550215e-01	1.357228e-01	-1.178511e-01	1.065252e-01	2.838706e-01	1.152197e-01	-1.094105e-01	-3.345760e-01	-1.050839e-01	1.802636e-01	2.811319e-01	6.033967e-01	-4.743668e-01	2.526805e-01	-1.670931e-01	1.669781e-01	-3.741713e-01	-3.220664e-01	-2.185132e-01	2.093229e-01	4.174182e-01	2.605557e-01	1.089593e-01	3.376672e-01	5.510057e-01	1.016242e-01	2.027501e-01	-1.236607e-01	2.068731e-01	-2.067977e-01	4.819131e-02	-8.180657e-02	-2.609773e-01	3.224560e-01	-1.336744e-01	-4.276432e-01	3.956296e-02	1.662518e-01	5.452803e-02	3.620442e-01	3.412973e-01	-4.841513e-01	2.204392e-01	-5.417678e-01	2.500396e-02	4.634961e-01	4.245616e-01	-4.862015e-02	-3.414468e-01	2.409889e-01	2.079346e-01	2.453126e-03	-4.184736e-01	-1.036902e-01	1.023388e-01	5.251026e-01	-3.484571e-02	-1.384685e-01	-9.014159e-02	1.300580e-01	-5.976343e-01	8.049630e-02	-1.162879e-02	-2.459633e-01	-6.194760e-02	5.273418e-01	-6.022750e-02	-2.933221e-01	2.111735e-01	3.511784e-01	-3.086712e-03	3.958538e-01	-2.965952e-01	3.765886e-02	1.215383e-01	4.736249e-01	-1.515895e-01	-4.526726e-02	-1.203053e-01	1.839735e-01	9.972281e-05	-2.514739e-01	-2.349671e-02	2.643019e-01	3.090790e-01	-1.558167e-01	-3.077718e-01	-8.887493e-02	-2.229165e-01	3.954002e-02	-5.310773e-01	1.199984e-01	1.446378e-01	7.979690e-01	2.571522e-01	-1.393447e-01	-4.408104e-01	-3.191201e-01	5.243457e-02	2.421588e-01	-1.919370e-02	-8.524265e-02	1.139952e+00	2.607747e-01	4.733655e-01	1.760617e-01	2.382770e-01	2.038556e-01	-5.571997e-02	4.287895e-01	3.283146e-01	6.807435e-04	1.808624e-01	5.383100e-01	4.191064e-01	-1.193749e-01	-5.680772e-01	1.960173e-01	1.066136e-01	-2.036412e-01	-2.877201e-01	-1.629741e-02	2.062374e-01	1.818586e-03	1.249262e-02	-1.355079e-01	-1.240315e-01	-1.795949e-01	-1.657487e-01	1.586525e-01	2.955495e-01	-8.692487e-02	7.735325e-02	1.464115e-01	1.804635e-01	-3.619439e-01	-2.955119e-01	-3.329983e-01	3.508412e-01	-4.798180e-01	-2.846577e-01	-3.569449e-01	1.566964e-01	-3.380940e-02	-3.842574e-01	3.787116e-01	-1.017767e-02	3.215154e-01	-1.289647e-01	5.244040e-01	2.798274e-02	3.240331e-01	2.513005e-01	-5.375890e-01	3.256450e-01	-4.131443e-01	-7.682938e-02	-2.466122e-01	-3.365279e-02	-1.951900e-01	1.213771e-01	3.285252e-01	2.711193e-01	-2.470476e-01	-1.780248e-01	-3.963097e-01	-2.302524e-01	-2.255733e-01	-6.399775e-02	1.447097e-02	-3.196729e-01	1.768391e-01	2.462153e-01	2.317527e-01	5.899174e-01	4.300401e-02	1.560304e-01	-4.401625e-02	-1.361854e-01	1.189554e-01	-1.256854e-02	8.465395e-03	1.093034e-01	2.003471e-01	-8.606912e-03	1.894453e-01	-1.831390e-02	2.498022e-01	8.129707e-02	-2.518539e-01	1.459496e-01	1.917544e-02	8.362413e-02	9.480434e-02	-3.019128e-01	8.416311e-02	-2.830323e-01	4.401037e-01	7.514499e-01	6.878196e-02	9.920473e-02	-4.839327e-02	-2.570267e-01	-4.308922e-01	-1.937007e-01	-3.017097e-01	-3.366533e-01	-6.385219e-01	-4.846995e-01	-4.253456e-02	-3.229877e-01	-4.180046e-01	3.217664e-02	7.520012e-01	-1.068552e-01	7.290079e-02	-2.294548e-01	-2.581753e-01	-4.538448e-01	-1.486799e-02	-2.044625e-01	-3.080616e-01	-2.597134e-01	1.696701e-01	-2.539007e-01	2.137878e-02	1.460174e-03	-1.261124e-01	4.340509e-01	2.334413e-01	9.071759e-02	5.785649e-02	-2.978742e-01	5.951697e-03	1.276857e-01	3.399538e-01	3.306372e-01	3.978079e-01	2.957806e-01	4.721466e-02	-1.953866e-01	1.659738e-02	6.503782e-02	2.726452e-01	-1.170066e-01	-2.265576e-01	-2.689524e-01	-3.955190e-01	3.544157e-02	-1.486734e-01	-3.051287e-01	6.125834e-01	8.457525e-02	2.207426e-01	-9.486025e-02	2.891448e-01	8.538088e-01	4.761318e-02	-2.467632e-01	-2.382293e-01	-3.909814e-03	5.685345e-01	-4.286236e-02	-1.337482e-01	-4.719779e-01	1.731777e-01	-3.803943e-01	-7.912411e-02	1.040469e-01	-9.280992e-02	2.927923e-01	-3.478402e-01	2.747003e-01	1.559683e-01	-1.364523e-01	1.710200e-01	-6.703795e-02	1.377059e-01	1.764959e-01	-1.934801e-01	3.899769e-01	-1.567119e-01	1.559764e-02	3.197832e-01	-6.311829e-02	2.340587e-01	4.460330e-01	-1.003981e-01	-2.770280e-03	7.365864e-02	-6.565779e-02	2.486928e-01	-2.781207e-01	-4.214659e-02	1.546269e-01	7.288559e-02	-8.808821e-05	3.754112e-01	-6.161652e-01	2.294851e-01	-2.661338e-01	-1.379028e-01	2.180556e-01	-3.560681e-03	-2.809749e-01	-1.228966e-01	-4.516355e-01	2.025294e-01	-2.242507e-01	-5.705785e-01	-3.038715e-01	2.704072e-01	4.249654e-01	-1.968624e-01	2.529980e-01	3.291391e-02	1.915460e-01	2.883615e-01	-3.439448e-01	-2.516717e-01	3.964732e-02	-3.389790e-01	1.364353e-01	1.833533e-01	5.308526e-01	-3.761309e-01	2.000614e-01	4.861455e-02	-7.029652e-02	4.453049e-01	5.120043e-01	4.977334e-02	-3.321757e-01	4.367684e-01	1.257669e-01	-4.397328e-01	-6.559874e-03	2.350755e-01	-4.369845e-01	-3.556292e-01	2.441403e-01	3.270395e-01	-2.469187e-01	-6.860585e-02	1.197685e-01	2.790290e+00	-6.131885e-02	-4.025912e-02	-5.141822e-02	1.689375e-01	2.525165e-01	-4.506549e-02	3.817939e-02	5.217030e-02	4.878632e-04	9.449723e-02	-3.989785e-01	3.540624e-01	-4.645352e-01	-4.894955e-02	4.250331e-01	-1.038147e-02	1.519770e-01	1.624867e-01	2.402440e-02	4.535847e-01	-2.655375e-01	-5.639206e-01	-4.766662e-01	-1.948446e-01	-1.659766e-01	1.687032e-01	4.058051e-02	-3.515742e-01	-4.205027e-01	-1.633053e-01	-1.203820e-01	-4.402453e-01	-4.313203e-01	-2.565863e-01	-2.475743e-02	-8.601525e-02	3.655037e-01	-2.025698e-01	1.093861e-02	-1.670393e-01	2.517655e-01	1.047651e-01	-1.094635e-01	-3.766174e-03	-4.338946e-01	-6.872521e-01	-4.986824e-02	2.917521e-01	2.294780e-03	-3.144868e-01	-3.045774e-01	-2.629275e-01	-5.330677e-04	-2.331822e-01	1.062108e-01	7.748736e-02	-4.515905e-02	6.589884e-01	-6.611595e-01	-8.475062e-02	-1.250804e-02	-4.231537e-01	1.522052e-01	-1.084413e-01	-3.300216e-01	-3.396688e-03	3.360619e-01	3.529572e-01	-4.618752e-01	-4.535374e-02	-3.493692e-01	6.237972e-02	-5.067710e-01	-3.990188e-01	3.285179e-01	-4.946413e-01	-2.102480e-01	3.728536e-02	1.127423e-01	5.615487e-01	-1.826544e-01	-5.035704e-01	-4.903072e-01	2.293078e-01	1.380450e-01	2.016168e-01	2.376725e-01	-1.590820e-02	4.658419e-01	-1.139069e-02	4.672210e-01	-2.490932e-02	-1.054882e-01	-4.983913e-01	-2.244255e-01	-1.212727e-01	-1.914336e-01	-2.453289e-01	-7.781791e-01	-3.707322e-01	-7.686800e-02	-2.606839e-01	8.211096e-02	-1.296172e-01	2.168634e-01	1.900173e-01	-1.025407e-01	5.373798e-02	3.154365e-01	-2.272601e-01	-1.450642e-01	-2.809937e-01	-5.107571e-01	-2.054845e-01	-2.455589e-01	-3.945290e-01	5.679248e-02	4.363007e-02	3.971662e-01	-7.631704e-02	1.744057e-02	2.379559e-01	2.298028e-01	-7.401070e-02	-1.398283e-01	6.555826e-02	2.530618e-01	-2.645416e-02	5.762520e-01	2.404802e-01	-2.693523e-01	-3.582456e-01	3.726541e-01	3.630850e-02	1.882920e-01	-1.795997e-01	-3.061957e-01	-1.198612e-01	-5.584775e-01	5.986369e-02	-2.735412e-01	2.719854e-01	3.841785e-01	-1.089231e-01	-9.100957e-02	-9.745094e-02	-2.460458e-01	4.096130e-01	3.930755e-01	-2.171291e-01	1.646382e-01	-6.443909e-02	-4.782762e-01	-3.361047e-01	-2.037230e-01	-1.945759e-01	-3.359793e-01	-4.961511e-01	1.513880e-01	-1.582336e-01	2.515405e-02	-4.408668e-02	-2.014313e-01	-2.926347e-02	-1.291508e+00	4.473320e-01	4.663152e-01	-4.749729e-01	-8.588395e-02	2.752710e-01	1.301333e-01	-7.405251e-02	-1.728670e-01	-3.074765e-01	-3.693216e-01	1.933455e-01	-3.126581e-01	-5.166053e-01	-2.855294e-01	-3.877327e-01	-4.765285e-01	-2.816121e-01	-9.539545e-02	-3.225399e-01	-3.605542e-01	-1.320396e-01	-2.086207e-01	-1.952860e-01	1.391034e-01	1.882028e-02	5.330434e-01	1.060807e-01	-3.975249e-02	-1.674289e-01	-2.969346e-01	1.721262e-01	5.045605e-03	7.552277e-01	2.261339e+00	-4.931404e-01	3.353299e-01	-1.040095e-02	-1.669537e-01	-1.549031e-01	9.978197e-02	-6.907918e-01	-2.300253e-01	-1.664202e-01	-1.102291e-01	6.002881e-02	8.455734e-01	6.228478e-01	-2.496023e-01	-2.473525e-01	-6.453156e-02	-1.973533e-01	-1.911087e-01	1.018307e-01	9.211011e-02	-2.382337e-01	3.724248e-01	2.546925e-01	-1.514925e-01	4.022882e-01	1.548170e-02	3.898987e-01	-1.530754e-01	-1.172694e-01	-2.673941e-01	1.478521e-02	-4.513755e-01	-6.171185e+00	5.920554e-02	2.146296e-01	-3.017774e-02	-2.874681e-01	-1.678033e-01	1.620045e-01	-2.638531e-01	6.054519e-01	-8.435846e-02	4.048875e-01	2.808804e-02	4.491293e-02	-4.496822e-01	1.750337e-01	-1.619829e-01	-6.802319e-02	7.118499e-01	-5.575996e-01	-5.295591e-02	5.339603e-01	3.442600e-02	-1.806897e-01	-2.064159e-01	4.875127e-01	-4.845724e-01	1.615946e-02	-3.270464e-01	2.079707e-02	-1.236899e-02	-2.056858e-01	-1.793960e-01	-1.923007e+01	-7.324385e-02	-2.148133e-01	-3.142218e-01	3.580678e-01	-2.566627e-02	1.888558e-01	-4.347732e-01	2.107757e-01	-6.988027e-03	-4.098909e-01	-3.745210e-01	-2.171092e-01	1.397995e-01	1.471922e-02	-2.214572e-01	-4.704573e-01	-2.162021e-01	-1.101277e-01	-7.063194e-02	-1.777208e-02	1.971086e-01	7.023313e-02	-4.872625e-01	1.383251e-01	4.834764e-01	3.393457e-01	-4.701354e-01	-2.416128e-01	2.657270e-01	-2.251914e-01	-7.914218e-02	1.604110e-01	-1.662431e-01	3.083331e-01	5.235668e-01	1.609589e-02	5.656427e-01	1.386846e-01	1.236428e-01	-8.464316e-02	2.679054e-01	3.785522e-01	-2.389074e-01	3.128580e-01	4.299912e-01	-2.043059e-01	2.528663e-01	1.419440e-02	-3.946306e-01	-4.025560e-02	2.517548e-01	9.952862e-02	5.879838e-01	-1.088508e-01	2.639861e-01	1.730847e-01	2.717695e-02	8.094968e-02	2.888607e-01	-1.213124e-01	1.435094e-01	-9.966871e-02	7.492660e-02	-3.566092e-01	-1.403179e-01	1.197034e-01	1.035680e-01	-5.539091e-02	1.409782e-01	-3.321676e-01	-3.952506e-02	-3.948614e-01	-3.150218e-01	-1.331946e-01	2.234370e-01	-1.029515e-01	-1.724537e-01	-2.140976e-01	-2.962511e-01	-1.859582e-02	8.325062e-02	-2.534527e-01	-2.264419e-01	3.355372e-01	-1.235041e-01	-1.114426e+00	5.684008e-01	-1.284806e-01	1.332387e-01	8.452617e-02	2.180107e-01	1.263926e-01	4.083453e-01	-3.242486e-01	1.679464e-01	2.986300e-01	-4.164718e-01	-9.423984e-02	1.960349e-05	7.379074e-02	3.302814e-01	1.748497e-01	3.423068e-02	3.414067e-02	-2.415328e-01	-4.531143e-01	3.784924e-01	2.342942e-01	-3.531687e-02	6.045080e-01	-2.803571e-01	-1.338408e-02	-3.533789e-01	-2.997048e-01	-8.891128e-03	-1.008342e-01	-1.674260e-01	-3.676533e-01	-3.064551e-01	-2.670110e-01	1.732205e-01	-5.628310e-01	5.965929e-02	-1.374201e-02	-1.030015e-01	-1.927511e-01	-9.244151e-02	2.425312e-02	-1.363211e-01	-3.364771e-01	2.024634e-01	-4.185159e-01	-1.774787e-01	-3.240969e-01	-2.626550e-01	1.383656e-01	1.188144e-01	2.161708e-02	-1.054731e-01	-2.805606e-01	1.344493e-01	1.974978e-01	-3.540343e-02	-5.466303e-01	-3.274589e-01	1.650330e-01	3.798962e-01	1.126223e-01	-4.976286e-02	-3.596534e-02	2.993492e-01	2.710338e-01	-1.053457e-01	1.362043e-02	-3.515229e-01	-3.511347e-02	-1.442432e-01	-1.064212e-01	2.977205e-01	1.050287e-01	-2.336916e-01	-7.547906e-03	1.611934e-01	1.068845e-01	6.964471e-02	-1.203938e-01	-1.769119e-01	-1.042600e-01	1.968743e-01	5.289209e-01	-3.109395e-01	3.929912e-01	-3.330536e-01	1.595232e-01	-5.252527e-01	-1.814863e-01	-1.450402e-01	6.393843e-02	4.505548e-01	1.001158e-01	-2.479282e-03	1.725147e-01	4.669164e-01	2.923547e-01	1.790815e-01	-5.355646e-02	2.141335e-01	-3.187308e-01	2.608569e-02	5.972140e-02	-1.937655e-01	2.578371e-01	-2.271253e-01	-6.043992e-01	-6.609476e-02	4.667736e-01	1.806609e-02	2.243376e-01	4.086160e-01	-4.955522e-01	3.700995e-01	-5.247961e-01	-8.229206e-02	3.840305e-01	4.704227e-01	4.828478e-02	-2.249232e-01	1.874300e-01	1.236619e-01	-9.414378e-02	-2.188063e-01	-9.209902e-02	-6.909494e-03	4.935701e-01	-1.602241e-01	-1.376280e-01	-8.753248e-02	1.672088e-01	-2.576324e-01	1.262074e-01	-3.429113e-01	-3.527025e-01	1.670286e-01	5.941413e-01	8.805998e-02	-2.470865e-01	5.224329e-02	3.017933e-01	3.043094e-02	2.071130e-01	-1.167879e-01	1.693046e-01	7.280839e-02	3.434137e-01	-1.522399e-01	-2.391816e-02	-1.849678e-01	2.954553e-01	-7.317789e-02	-1.858832e-01	-8.080199e-02	2.347201e-01	2.555000e-01	-1.942566e-01	-2.464391e-01	-2.093149e-01	-2.314520e-01	2.404338e-02	-2.472587e-01	4.159290e-01	9.429426e-02	7.786577e-01	4.263007e-01	-2.435379e-01	-5.624487e-01	-2.288387e-01	1.358650e-01	1.823663e-01	2.835879e-02	2.269147e-02	9.902407e-01	1.212728e-01	3.819240e-01	-5.893543e-02	1.574083e-01	2.590320e-01	-1.184332e-01	6.541029e-01	3.559349e-01	8.291586e-02	1.105808e-01	6.734129e-01	3.971889e-01	-8.644107e-02	-4.700300e-01	3.851671e-01	8.598907e-02	-3.714214e-01	-2.646348e-01	3.063560e-02	1.465570e-01	2.588097e-01	-6.121043e-02	-1.558380e-01	1.188138e-01	-2.160480e-02	1.742700e-01	2.737001e-01	4.494492e-01	-4.692285e-02	-8.144106e-02	1.547521e-01	8.182794e-02	-1.759247e-01	-2.511370e-01	-1.038142e-01	2.120698e-01	-3.988602e-01	-9.938166e-03	-4.012742e-01	1.917023e-01	3.020410e-01	-2.062327e-01	2.810684e-01	1.108314e-02	4.168941e-01	-4.531778e-01	4.237835e-01	-2.379598e-01	2.258872e-01	1.587387e-01	-5.415782e-01	3.432985e-01	-5.242183e-01	-2.818993e-01	-9.664972e-02	1.310062e-01	-1.246308e-01	-4.284211e-02	2.672867e-01	1.347750e-01	1.786482e-02	-6.356435e-02	-3.369577e-01	-1.547515e-01	-1.456363e-01	8.449598e-03	-5.424194e-02	-1.938526e-01	-4.569711e-03	2.456934e-01	3.192480e-01	5.572675e-01	5.647788e-02	1.989860e-01	-7.052151e-02	2.414884e-02	3.309462e-01	-1.187417e-01	-4.364128e-02	-7.604431e-02	2.158085e-01	2.958567e-01	1.077945e-01	-8.546633e-02	2.463726e-01	3.068627e-01	-3.730669e-01	-7.120752e-02	-1.374924e-01	3.499284e-02	1.345565e-02	-2.013229e-01	6.857275e-02	-4.157818e-01	5.678828e-01	6.974311e-01	3.118952e-02	2.382935e-01	-1.024549e-02	-3.864199e-01	-4.201849e-01	-3.253701e-01	-1.056615e-01	-2.583436e-01	-5.423805e-01	-3.902944e-01	-7.116798e-02	-1.052254e-01	-4.908596e-01	-1.502977e-01	7.367685e-01	-2.930919e-02	9.385410e-02	-4.326406e-02	-4.639116e-02	-3.533540e-01	9.636846e-02	-2.565018e-01	-3.154980e-01	-1.459666e-01	2.120948e-01	-2.540670e-01	2.839081e-02	-3.962976e-02	-9.971590e-02	2.521692e-01	3.227895e-01	-5.859224e-02	1.250885e-01	-1.828483e-01	-2.077561e-03	1.312308e-01	3.619456e-01	2.714732e-01	4.636433e-01	2.137683e-01	7.865881e-02	-2.123685e-01	-7.108247e-02	2.300805e-01	3.835768e-01	-1.768448e-02	-3.055810e-01	-3.126390e-01	-2.233414e-01	-1.167161e-03	-8.841883e-02	-1.586669e-01	3.144205e-01	1.920543e-01	-3.249738e-02	-3.429888e-02	2.582576e-01	6.696339e-01	2.322649e-01	-3.264164e-01	-2.680575e-01	1.636782e-01	4.572770e-01	2.787277e-02	-2.043307e-01	-4.180122e-01	2.989673e-01	-4.197228e-01	7.634722e-03	1.956687e-01	8.217057e-02	2.362279e-01	-2.536692e-02	2.513694e-01	-3.232297e-02	-2.442793e-01	6.351539e-02	-1.089394e-01	3.969907e-01	1.871586e-01	-3.797652e-01	3.950602e-01	-3.799910e-01	2.968705e-02	1.142249e-01	1.403389e-01	2.396910e-01	4.161871e-01	7.941043e-02	-1.496315e-01	9.632690e-02	-1.745068e-01	2.221401e-01	-1.131190e-01	-1.775033e-01	4.384411e-02	1.829564e-02	-1.056944e-01	4.055121e-01	-5.043310e-01	2.344173e-01	-1.821463e-01	-8.188254e-02	1.952145e-01	1.420614e-01	-2.111815e-01	-3.173352e-01	-3.401206e-01	3.959115e-01	-9.550590e-02	-5.036479e-01	-1.238909e-01	2.588864e-01	5.044859e-01	-2.065118e-01	1.631673e-01	2.018135e-01	1.443096e-01	2.628181e-01	-3.874460e-01	6.243971e-02	-5.111995e-03	-2.047009e-01	1.911497e-01	2.525569e-01	3.404113e-01	-2.707386e-01	8.159936e-02	1.318593e-01	-1.169907e-01	4.541760e-01	3.932767e-01	5.951730e-02	-1.100602e-01	3.334039e-01	-6.737857e-02	-4.155998e-01	9.504843e-02	3.255120e-01	-3.753222e-01	-5.330660e-01	1.137274e-01	2.478219e-01	-2.268408e-01	-3.246946e-02	1.944309e-01	2.899374e+00	2.008404e-02	-6.004106e-03	3.633882e-03	9.093261e-02	1.324305e-01	-1.963802e-01	-2.081806e-02	1.667753e-01	-9.244777e-02	1.950753e-01	-3.732001e-01	3.794175e-01	-3.373263e-01	-7.057797e-02	3.093199e-01	-1.204844e-01	1.298245e-01	1.428928e-01	3.240207e-01	4.757087e-01	-2.019138e-01	-3.644872e-01	-5.730407e-01	-3.498930e-01	-6.985421e-02	1.856477e-01	-1.114964e-01	-3.061785e-01	-3.925917e-01	-1.297489e-01	-3.259552e-03	-5.065536e-01	-6.349331e-01	-1.984213e-01	-1.399649e-01	-1.907732e-01	
-1.594788e-01	-2.605845e-01	7.658537e-01	-5.270588e-02	2.722986e-01	2.594964e-01	-1.614202e-01	-3.413368e-02	1.137171e-01	1.486512e-01	4.781594e-03	3.172096e-01	8.541102e-02	1.401043e-01	1.190547e-01	-2.417614e-01	8.093274e-01	-3.307745e-01	-2.575407e-01	4.400120e-02	-7.427873e-02	-2.087217e-02	2.031007e-01	1.393669e-02	-9.542760e-02	6.946130e-01	-3.744017e-01	-1.970737e-01	-3.828835e-01	-2.905585e-01	-5.440178e-02	3.927307e-01	-2.440877e-01	5.245442e-01	-7.155047e-02	1.590562e-01	-2.998875e-01	8.412748e-02	2.344780e-01	-2.499448e-01	-3.259064e-01	3.499186e-01	-1.250804e-01	2.795745e-02	7.457514e-02	-4.435636e-01	1.629954e-01	4.404039e-02	-2.468634e-01	8.365042e-01	-1.681433e-01	-1.209114e-01	9.506939e-02	1.669528e-01	-5.484805e-02	2.821053e-01	2.021294e-01	1.924949e-01	9.396059e-03	1.242244e-01	-1.971353e-01	1.084540e-01	-4.890384e-01	-1.575940e-01	-5.881167e-02	2.090789e-01	-1.055060e-01	1.011037e-01	4.234256e-01	5.481972e-01	-4.025767e-01	1.366310e-01	6.315901e-01	5.597307e-02	-1.966079e-01	9.394540e-01	3.635984e-02	3.393921e-02	-9.780106e-01	-6.261086e-01	4.119606e-01	3.595564e-01	1.984698e-02	1.090303e-01	-3.035995e-01	4.306124e-01	4.074009e-01	2.200610e-01	7.962152e-01	-5.238891e-01	-2.399838e-02	-1.341142e-01	9.156708e-01	6.208253e-02	-2.583967e-01	7.705771e-01	-1.483844e-02	2.653851e-01	-1.642529e-02	2.112088e-01	-5.018618e-01	-2.284640e-01	6.691503e-01	-1.310508e-01	3.149697e-01	-4.430434e-01	2.193713e-01	1.736924e-03	-5.353502e-03	4.330565e-01	-1.017682e-02	8.260686e-02	7.426819e-02	-2.167295e-01	3.123306e-01	-5.218585e-01	-4.526725e-01	3.454574e-01	3.510073e-01	-3.916191e-01	4.834824e-02	-6.405696e-02	-3.101029e-01	2.804278e-01	3.752107e-01	-4.088109e-01	9.440129e-02	1.626121e-01	7.917113e-02	3.504217e-02	-3.565164e-01	-1.651721e-02	1.448035e-01	2.066436e-01	3.076642e-01	-1.457576e-01	2.178434e-01	-2.961694e-01	-3.385129e-01	7.767439e-01	-4.619566e-02	1.607943e-01	-3.863655e-01	-1.328941e-02	-1.774689e-01	2.151792e-02	-4.815594e-01	4.032732e-01	-6.174370e-01	-2.905896e-01	-2.381252e-01	6.341189e-01	5.623011e-01	-9.220674e-02	-2.383315e-01	-2.261749e-02	5.399361e-01	1.474734e-01	-1.965541e-01	4.447569e-01	-1.338553e-01	3.322850e-01	-6.162235e-01	2.738108e-01	-8.902989e-02	-1.949347e-01	-9.076866e-02	-8.440745e-02	-1.931979e-01	9.196850e-02	-5.472766e-03	7.464445e-02	-2.925569e-01	1.106526e-01	2.121658e-01	4.767052e-01	1.705203e-01	4.786786e-02	-1.767620e-01	-4.391681e-01	-6.041151e-01	2.063850e-01	-1.646142e-01	-2.297938e-03	-1.143033e-02	-1.723070e-01	-3.952360e-02	4.139586e-02	3.158413e-02	2.247216e-01	-3.672710e-01	-1.971242e-01	-2.883430e-01	2.719512e-01	-2.050537e-01	7.525952e-01	-3.752300e-01	1.381852e-01	-1.843381e-01	1.959092e-01	-6.018315e-01	9.557048e-02	1.237456e-01	3.405621e-01	-1.505875e-01	3.834134e-01	5.838135e-03	-2.692836e-02	9.117381e-02	4.836228e-01	-3.875624e-01	-1.016830e-01	4.881149e-01	9.142607e-02	3.356443e-01	1.515830e-01	2.285546e-01	-1.549701e-01	-1.386071e-01	1.854770e-01	-5.901258e-03	-9.537189e-02	-2.968328e-01	-3.978042e-01	-7.176109e-02	-2.758127e-01	1.418730e-01	3.115014e-01	-1.194957e-01	-3.489181e-01	-7.232111e-01	-3.501979e-01	-2.403414e-01	3.442442e-01	-1.407892e-01	1.928350e-01	2.223235e-01	-1.156630e-01	-4.943066e-01	1.845775e-01	-2.611665e-01	2.718148e-01	-9.728930e-02	1.194195e-01	1.116137e-01	-1.316306e-02	-1.666549e-01	-4.268597e-01	7.182926e-02	-2.080257e-02	-2.037681e-01	1.468340e-01	-2.572627e-01	-1.230953e-01	-2.839535e-01	4.130490e-03	-8.461072e-02	-2.908338e-01	7.814950e-02	-3.532604e-01	1.842577e-01	-6.477251e-01	-4.324359e-02	3.095253e-01	2.874629e-01	2.562956e-01	7.640044e-02	2.967610e-01	-2.468148e-01	4.097557e-01	-4.181454e-01	4.219638e-01	4.230846e-01	-2.013533e-02	-7.128203e-02	2.164304e-01	-5.996304e-02	-2.288105e-01	-5.328323e-01	1.019517e-01	1.813203e-01	-6.427480e-02	-2.142089e-01	1.877278e-01	-3.815039e-01	-2.071067e-01	2.616149e-01	-2.426419e-01	3.536456e-01	-2.735245e-02	-3.679037e-01	-5.392131e-01	2.723985e-01	5.381741e-01	1.478706e-01	-2.152821e-01	-5.055953e-01	-8.373288e-02	-1.392331e-01	-7.053369e-02	3.518023e-01	5.331379e-01	-1.823419e-01	2.047264e-01	-3.344073e-01	1.414699e-01	-4.129666e-01	-5.976511e-01	7.667809e-01	2.189571e-01	-8.146687e-01	4.507779e-01	-2.430012e-01	3.246015e-01	3.458179e-01	-5.832528e-02	3.570216e-01	-4.540692e-02	-2.592667e-01	1.773770e-02	-1.754396e-01	2.115565e-01	1.406314e-01	1.294132e-01	-5.752425e-01	-2.272400e-01	1.630366e-01	-4.410045e-01	3.515157e-02	5.213438e-02	-3.431202e-01	1.299001e+00	6.005337e-02	-4.996408e-01	-5.505889e-02	-2.041210e-02	-3.790106e-02	2.598011e-01	-7.693752e-01	-2.834984e-01	-2.752943e-03	-3.542993e-01	7.714266e-01	-4.605086e-01	2.227185e-01	-4.587227e-03	-5.592630e-02	7.936131e-01	-6.734843e-02	-9.387832e-01	4.969957e-02	2.718135e-02	1.318351e-01	1.470061e-02	5.234600e-02	2.835030e-01	-5.885936e-01	6.792665e-02	4.546905e-01	-3.682236e-01	-9.474763e-02	3.316227e-01	8.053615e-02	-1.755510e-01	-5.951749e-01	3.013653e-01	4.573169e-02	-1.087903e-01	2.810549e-01	8.486506e-01	3.239562e-01	5.055097e-01	-4.261019e-01	-9.059806e-01	4.141618e-01	-3.296482e-02	-1.120154e-01	-4.994584e-01	9.929886e-01	-3.027278e-01	-7.845614e-02	-2.618034e-01	-9.990314e-02	-2.431716e-01	2.386791e-01	2.185131e-01	3.797937e-01	5.586031e-02	3.111935e-01	2.443833e-01	1.560433e-01	2.477701e-01	1.281850e-01	-2.391310e-01	-2.644814e-01	2.569303e-01	1.671494e-01	3.223477e-01	-6.946335e-01	-1.641591e-01	6.734629e-02	1.203414e-01	1.116540e-01	1.546130e-01	-1.412803e-01	6.673772e-01	6.625287e-01	1.125389e-01	1.799878e-01	1.563348e-01	2.952279e-01	4.714282e-01	1.938344e-01	3.240621e-01	4.001322e-01	5.546243e-01	-9.311989e-01	-1.390737e-02	2.966150e-02	3.709442e-01	2.177860e-01	8.076292e-02	8.267062e-02	-1.713082e+00	-1.734827e-01	7.061290e-02	-1.814543e-01	-1.850898e-01	-1.363976e-01	-3.143900e-01	-3.850403e-01	-4.493139e-02	-1.392117e-01	-1.414631e-01	-5.532783e-02	-1.540170e-01	1.048835e-01	-2.146852e-01	-4.108411e-01	-2.687400e-01	1.273688e-02	-2.376316e-01	3.535294e-02	-2.615524e-02	-1.947607e-01	5.675753e-02	-5.303932e-01	1.504213e-01	-1.786267e-02	6.229945e-01	-1.563815e-01	-3.843650e-01	5.215469e-02	-1.179766e-04	-3.904525e-01	-1.342295e-01	-1.866708e-01	-2.469670e-03	-1.142924e-01	-3.033319e-01	-2.776032e-01	2.429157e-01	1.969104e-01	-2.302939e-01	-1.163916e-01	-5.050708e-01	-7.314821e-02	-9.598691e-02	2.554122e-01	5.065657e-01	-3.238180e-01	5.949762e-02	-1.767692e-01	-3.896852e-01	6.508391e-01	-5.466212e-02	3.903299e-02	-4.852831e-01	3.101173e-01	4.799790e-02	1.805476e-01	2.363267e-02	1.056673e+00	-1.682209e-01	9.208011e-03	2.022863e-02	2.961651e-01	1.844423e-02	3.485824e-01	3.059458e-01	3.982277e-01	-3.895582e-02	-2.188046e-01	-1.219514e+00	8.888109e-02	5.082280e-02	-7.081129e-02	-3.546176e-01	3.104733e-01	7.585834e-01	1.308213e-01	4.284326e-01	-9.772568e-02	-1.133523e-01	4.520619e-02	-2.071825e-01	-1.649108e-01	3.489562e-02	-1.270479e-01	-3.879805e-01	-1.912138e-01	-9.939412e-01	-5.133048e-01	1.016753e-02	-6.300803e-02	3.471850e-01	2.690678e-01	-3.244420e-01	9.618174e-02	1.668808e-01	-1.647918e-01	-4.287166e-02	1.264034e-01	-5.387142e-01	1.164643e-01	-8.991684e-01	-2.458884e-01	-3.246124e-02	1.043718e-01	-1.284037e-01	-2.787972e-01	4.200072e-01	-4.230152e-02	3.518239e-01	2.197376e-01	6.459754e-01	-9.077900e-02	1.683526e-01	-5.989855e-03	1.789080e-01	-1.429325e-02	-2.039362e-02	-2.245600e-01	3.419343e-01	-2.168002e-02	2.507542e-01	-1.199321e-01	6.143137e-01	3.004569e-01	-4.486917e-01	-1.182066e-01	-1.311213e-01	2.559381e-01	-3.897487e-02	4.353668e-02	2.162119e-01	-2.783210e-02	-3.059679e-01	3.057347e-01	2.181819e-01	-2.155230e-01	-1.623354e-01	1.713264e-01	-7.128444e-02	1.028461e-01	7.790907e-02	-2.796287e-01	5.710060e-02	1.309856e-01	4.535439e-01	-1.174723e-01	3.984925e-01	1.840650e-01	1.973228e-01	-2.364476e-01	3.360411e-01	-1.204906e-01	1.081555e-01	5.459758e-02	1.895973e-01	-2.744841e-01	-4.480549e-01	-7.165422e-02	-9.584869e-04	7.252844e-02	-1.995977e-01	-2.884538e-02	3.727967e-01	-1.018366e-01	-1.879714e-01	3.777806e-01	1.979948e-01	-7.626045e-01	-7.462807e-02	3.166986e-01	-1.189045e-01	1.741018e-01	-3.661340e-01	3.154489e-01	2.860188e-01	1.632163e-01	-3.014117e-01	-1.505378e-01	-5.032992e-01	-5.918359e-01	4.600157e-02	2.003220e-01	-2.794029e-01	-5.955585e-01	-1.876365e-01	1.110576e-01	-2.922453e-01	-2.023249e-01	-2.689990e-01	1.877045e-01	-2.304289e-01	-2.867906e-01	5.788475e-01	1.981439e-02	1.944309e-01	2.156538e-01	7.185470e-03	7.727928e-01	1.131183e-01	8.932234e-02	1.516419e-01	3.062498e-01	6.253331e-02	-9.293277e-02	-6.402470e-02	-3.180847e-02	3.827628e-03	-8.806395e-02	-7.788764e-02	3.300951e-04	3.271514e-01	-3.042624e-01	1.822741e-01	-1.631415e-01	2.688106e-01	-8.848566e-02	3.261015e-01	4.116834e-01	-3.551745e-01	-2.614167e-01	1.914127e-01	-2.448310e-01	5.566807e-01	-1.906879e-01	-3.279529e-01	9.813324e-01	-1.902789e-01	1.587954e-01	-2.637957e-01	-7.423855e-02	4.140587e-01	1.624481e-01	4.404146e-02	-5.063906e-01	3.482703e-01	3.304894e-01	5.413084e-01	3.312621e-01	-4.899808e-01	-3.126148e-01	2.671885e-01	-5.834953e-01	-7.230841e-02	3.842307e-01	-1.577464e-01	-9.612255e-02	2.936125e-01	-4.174234e-02	-6.600545e-02	3.061188e-01	2.178042e-01	-5.834804e-02	2.402944e-01	-1.915435e-01	4.092871e-02	7.533596e-02	-2.078481e-01	8.754091e-02	-3.953189e-02	-1.692052e-01	4.054231e-02	4.078011e-03	-2.880927e-01	-1.779501e-01	1.841425e-01	-2.172678e-02	5.830202e-02	-3.177842e-01	-7.285891e-02	-2.018358e-01	-8.289162e-02	7.216690e-02	1.732162e-02	3.745758e-01	-3.418009e-02	3.236301e-01	-3.267744e-01	1.861918e-01	-5.390324e-01	-6.920168e-01	-4.466501e-01	-2.957067e-01	-5.655814e-01	5.793162e-02	5.199666e-01	4.615947e-01	-4.997432e-01	-5.863942e-02	-3.463011e-01	9.448721e-02	-7.565441e-03	1.160808e-02	-2.893328e-01	-2.236178e-01	3.037531e-01	1.194431e-01	-1.721062e-01	-4.767473e-01	7.992002e-02	9.878382e-02	1.547427e-01	1.759000e-01	2.008816e-01	3.857878e-03	-1.020458e-01	4.367365e-02	-1.862538e+00	-1.858375e-01	-3.481043e-01	5.269506e-02	-1.749502e-01	2.053621e-01	6.428551e-01	-3.723658e-02	-3.041052e-01	1.754208e-01	-3.305070e-01	-1.825156e-01	3.852293e-02	-2.858655e-01	2.028617e-01	7.041507e-01	-1.446137e-01	2.071060e-01	-3.073182e-01	-3.950513e-01	-1.107212e-01	-3.486313e-01	6.944673e-03	1.792281e-02	1.338715e-03	-5.367651e-01	5.899471e-01	2.452566e-01	1.237288e-01	-4.254378e-01	-1.185239e+00	2.753943e-01	-5.666280e-01	1.099807e-02	1.555009e-01	2.107957e-01	-2.626877e-01	-2.178078e-01	1.132304e-02	3.540369e-01	-7.093573e-02	-7.565370e-02	1.643614e-01	-3.032260e-01	2.720220e-03	-1.351912e-01	-2.442134e-01	2.041521e-01	-1.225469e-01	2.605760e-02	-6.305525e-02	-2.021818e-01	-2.430741e-01	3.635363e-01	5.572262e-02	-2.615839e-02	-4.231230e-01	1.677941e-01	5.821155e-01	-5.448400e-01	-1.921125e-01	-3.991286e-01	8.927176e-02	-3.020343e-01	-7.579776e-01	-7.122316e-01	2.857227e-01	4.917645e-02	5.445300e-01	-2.073027e-01	4.462131e-02	-2.854600e-01	2.578953e-01	-3.657389e-01	-3.939516e-01	-2.678887e-01	1.857414e-02	-4.924602e-01	5.947611e-01	-2.319469e-01	3.503764e-01	-3.395955e-02	-3.697249e-01	-2.422915e-01	2.391968e-01	-2.851541e-01	3.771036e-01	4.142005e-02	3.001543e-02	5.634829e-01	2.610377e-01	-1.960407e-01	2.138912e-01	9.390141e-02	1.075091e-02	-1.980224e-01	1.458107e-01	-3.461069e-01	8.302193e-02	-1.424097e+00	-3.543896e-01	3.666480e-01	1.809649e-01	8.358457e-02	-3.445910e-01	4.495322e-01	-2.234066e-01	-5.849256e-01	1.460752e-01	3.224357e-01	-3.783655e-01	-1.912914e-02	2.447644e-01	-3.589234e-01	-9.117917e-02	-1.444092e-01	-4.368067e-01	2.477693e-01	6.967816e-02	-8.641910e-02	-5.224476e-01	-2.816364e-01	3.386683e-01	1.033574e-01	-4.925829e-03	3.201601e-01	-4.859557e-01	2.362504e-01	-1.671197e-02	5.001228e-01	-2.810977e-01	-3.424125e-01	-4.467594e-02	3.178246e-02	2.817420e-01	-1.472684e-01	3.914938e-02	-3.312769e-01	-6.677233e-01	-1.023870e-01	-3.112849e-01	-1.744690e-01	-1.629491e-01	3.443485e-01	-6.672680e-02	1.803543e-01	1.704299e-01	-2.296852e-01	5.370590e-01	1.841017e-01	-3.153553e-01	6.464566e-02	-3.996286e-01	-6.584342e-01	2.516493e-02	-1.536630e-01	-8.303757e-01	1.312973e-01	-4.103053e-01	1.430667e-02	5.920691e-02	3.930902e-01	-3.303145e-01	2.578051e-01	2.749068e-01	-7.860543e-01	3.841184e-02	-1.086445e-01	-5.392710e-02	1.757942e-01	1.866971e-01	-4.633420e-01	-1.018994e-01	4.718925e-02	-3.029872e-01	-1.516330e-01	2.923227e-01	-4.094698e-01	-2.037111e-01	-1.788636e-01	3.201926e-01	-4.884027e-02	-1.112206e-01	-5.624906e-01	-2.598394e-01	-6.489197e-01	-4.192531e-01	-4.835904e-01	5.133207e-01	4.090703e-01	-4.178888e-02	4.798187e-01	-5.333376e-01	2.683987e-01	-3.680482e-02	-3.949462e-01	1.972452e-01	-2.575945e-01	5.343727e-01	1.976103e+00	-1.186597e-01	1.846218e-01	-1.763853e-01	-2.983028e-01	-8.204507e-02	-2.894872e-01	-1.783797e-01	-7.414892e-02	8.379151e-02	1.019458e-01	-2.528882e-01	1.073758e-02	7.031105e-01	1.008599e-01	-2.231709e-01	-4.367363e-02	-1.832144e-01	-3.254972e-02	-3.847763e-01	-3.858418e-01	-1.539673e-01	6.966885e-03	-1.863827e-01	3.507566e-02	4.821660e-01	-2.704690e-02	7.491190e-01	-8.734142e-01	-1.958614e-01	-4.283787e-01	5.686154e-01	-6.040908e-01	5.345521e-01	-1.828614e-01	-4.094681e-01	-5.088869e-01	2.311012e-01	-1.275715e-01	2.427533e-01	-3.353337e-02	2.459936e-01	2.725964e-02	5.203506e-01	-1.487549e-01	2.337110e-01	2.230157e-01	-3.488787e-01	-2.795366e-01	3.496676e-02	1.811760e+00	-5.329731e-01	-4.541257e-02	1.311670e-01	1.986587e-02	-4.847990e-01	-6.467040e-01	-1.486299e-01	-6.073680e-01	2.640256e-01	-5.573267e-01	-1.570653e-01	2.447628e-01	-5.562596e-01	3.766396e-01	-2.829845e+01	-9.725434e-02	-4.662617e-02	-7.241305e-01	1.029031e-01	-1.827797e-01	1.837070e-01	-9.990227e-01	1.301875e-01	2.512450e-01	-1.646640e-01	-4.712726e-01	2.804246e-01	-6.528418e-02	3.892680e-01	-2.267337e-01	3.115369e-01	-5.118511e-01	-2.828462e-01	1.560812e-01	-3.767587e-01	-1.842006e-01	-6.865895e-02	-3.282574e-01	2.439861e-01	-4.772959e-01	3.959931e-01	-2.528934e-01	-4.509840e-01	-1.453872e-02	-4.015168e-01	-3.742980e-01	-1.500266e-01	-2.891907e-02	1.972731e-01	3.844153e-01	4.355052e-01	8.051187e-01	-6.071092e-02	8.180573e-02	-8.464515e-02	-1.036485e-02	5.225806e-01	-4.219853e-01	3.179484e-01	4.929779e-01	8.716655e-02	5.230787e-02	2.329797e-01	-7.787465e-01	2.935650e-01	-3.060437e-01	3.333122e-01	6.453670e-01	4.007455e-01	2.138226e-02	1.143354e-02	3.957803e-02	-7.432888e-02	1.812859e-01	2.476681e-01	8.661462e-02	1.032906e-01	-3.192750e-01	-2.419624e-01	6.670674e-02	1.092357e-01	6.028691e-02	4.482231e-02	5.920945e-02	-2.163225e-01	-3.244290e-01	-6.225853e-01	3.393534e-01	4.948515e-01	1.370372e-01	3.558941e-01	-5.223606e-02	-3.083428e-02	-5.722614e-01	-3.837509e-01	1.043601e-01	2.083288e-01	-6.308005e-01	2.061273e-01	-9.704008e-02	-1.001673e+00	5.264406e-01	-3.937827e-01	3.595175e-01	-1.867465e-01	5.117003e-01	4.144135e-02	1.102158e-01	2.025931e-02	4.275189e-01	5.617876e-02	-8.274084e-01	-3.625194e-01	-1.483645e-01	-6.506460e-01	-2.772731e-02	-8.160461e-02	-1.307720e-01	5.330625e-01	1.397971e-01	-5.041129e-01	-1.227608e-01	-2.199354e-02	-2.906578e-01	1.618428e-01	-8.475282e-01	2.261620e-01	-5.038946e-01	-7.762715e-01	3.525489e-01	-2.593111e-01	2.714807e-01	3.342196e-01	2.353252e-01	-7.647887e-01	2.038964e-01	-4.644566e-01	1.010742e-01	-1.624509e-03	-1.680843e-01	7.001993e-02	1.130926e-01	6.459600e-02	-2.770701e-01	-3.625564e-01	3.102627e-01	-9.388211e-01	-2.264489e-01	-2.259132e-01	3.223383e-02	-3.659433e-01	-2.779104e-01	7.518163e-02	2.918679e-01	-3.888520e-01	1.153008e-01	5.697515e-01	3.078434e-01	-3.132890e-01	-1.528297e-01	-5.739781e-01	4.155838e-01	-2.179778e-01	-7.167489e-02	-1.411392e-01	5.048944e-01	-2.488873e-01	-9.249348e-02	-3.507574e-01	-1.507209e-01	-1.403208e-01	-6.586560e-03	3.354077e-01	3.522901e-01	1.714687e-01	-1.846215e-01	6.184903e-01	3.557299e-01	7.689770e-02	-2.038379e-01	-4.710881e-01	-2.294625e-01	-1.174245e-01	-6.828044e-02	8.160760e-01	-1.031181e+00	8.233224e-02	-1.439182e-01	-2.017986e-01	1.265201e-01	-5.216479e-01	-2.348377e-01	4.343414e-01	3.826570e-01	4.214537e-01	4.086052e-01	5.010899e-01	7.612969e-01	2.085104e-01	1.777787e-01	-2.313385e-01	3.696456e-01	-1.864275e-02	-1.088439e-01	-3.048685e-01	-2.868664e-01	-9.948310e-02	7.226399e-02	1.299382e-01	-1.096512e-01	-1.163260e+00	-1.361600e-01	1.971747e-01	-4.046049e-02	-1.733895e-02	1.284685e-01	-3.922521e-01	-8.511564e-03	6.368477e-01	1.772076e-01	-1.486066e-02	5.088932e-02	-4.965154e-02	1.537466e-01	4.882421e-02	-4.512942e-01	-2.312370e-01	2.073809e-01	-2.805218e-01	-1.200420e-01	-2.958425e-01	-2.548586e-01	-3.295274e-01	-6.701294e-01	4.240588e-01	-4.056738e-02	1.166022e-01	-3.804821e-01	-3.583807e-02	1.950911e-01	-7.176237e-02	4.628908e-01	-2.437487e-01	-1.613099e-03	1.514449e-01	-1.175022e-01	2.942495e-01	-5.595722e-01	7.095852e-01	-2.327401e-01	-4.678074e-01	-2.593117e-01	1.584840e-01	1.824455e-01	-2.160615e-02	6.198823e-02	7.453786e-01	9.820990e-02	-4.196700e-01	-9.680240e-02	-2.535245e-01	5.079829e-01	1.079070e-02	-1.998994e-01	-5.761874e-01	4.711716e-01	5.225744e-01	8.906326e-01	-2.395070e-01	-6.687462e-02	-3.631223e-01	2.319812e-01	-1.096574e-01	3.687661e-02	1.435848e-01	1.043072e+00	3.083257e-01	4.346690e-01	1.257284e-01	1.769933e-02	-2.925225e-01	-1.964982e-01	4.490263e-01	-5.638330e-02	-2.475105e-01	6.381006e-01	9.137664e-01	5.458712e-01	4.630667e-01	-2.735704e-01	1.416420e-01	1.020810e-01	-2.722238e-02	-4.697908e-01	-8.013298e-02	-5.126540e-02	-7.289961e-01	-1.157556e-01	-5.221971e-02	-2.597581e-01	-4.472697e-01	-6.554671e-02	3.409638e-01	-2.717447e-02	-6.035791e-03	-9.412347e-03	4.608842e-02	3.014487e-02	-5.133004e-01	-1.773808e-01	-8.524579e-01	2.814051e-02	-7.270616e-01	8.025332e-02	-3.439309e-01	3.317796e-02	-3.747452e-01	-2.781245e-01	7.468734e-01	-1.183520e-01	1.211066e-01	2.667270e-01	3.640463e-01	-1.370113e-01	2.882306e-02	-6.088845e-02	-8.529014e-02	2.838926e-01	-4.011038e-01	-5.416873e-02	7.592591e-02	-2.476031e-01	-2.922737e-01	1.248341e-02	6.827994e-01	3.973577e-01	-6.120311e-01	-5.729553e-01	-3.997432e-01	-2.742623e-01	-3.313394e-01	6.475879e-02	-8.645984e-02	8.396047e-02	7.031741e-02	3.373601e-01	2.537998e-01	-4.177947e-02	-9.110925e-02	-1.471701e-01	-1.667657e-01	-1.688022e-01	9.251361e-02	-8.727699e-02	-3.257968e-01	2.271788e-01	6.114438e-01	-3.373346e-01	2.215634e-01	3.687316e-01	-3.665128e-01	-4.085547e-01	8.935633e-03	-8.181908e-02	2.534006e-01	1.039144e-01	1.992266e-01	-8.595219e-02	-2.363215e-01	4.566137e-02	1.416271e-01	6.186950e-01	-9.510128e-03	-1.345520e-01	7.999591e-02	-3.297160e-01	1.214418e-01	4.077463e-01	1.338260e-01	-2.246955e-01	-3.452245e-01	-5.498137e-02	2.579265e-01	9.048892e-03	-2.143627e-01	2.889286e-01	1.312016e+00	-1.563695e-01	8.393072e-02	-2.319073e-01	-3.825675e-01	-3.557355e-01	2.777302e-02	4.610977e-01	1.539458e-02	-5.717862e-01	2.370678e-01	-2.134275e-01	-5.383201e-01	2.706544e-01	-1.910847e-01	4.723867e-01	-6.398150e-02	-1.871531e-01	3.831053e-01	-1.244965e-01	-9.396636e-02	1.438618e-01	1.953025e-01	6.672888e-01	-8.670788e-02	1.804821e-01	-1.468676e-01	3.175239e-02	2.129301e-01	-3.876071e-01	1.836503e-01	-2.801184e-01	1.201076e-01	-1.562898e-01	-2.935415e-01	5.446471e-02	-2.226124e-02	-3.934094e-01	2.935299e-01	-6.006507e-02	1.197774e-01	2.389945e-01	2.236420e-01	5.730339e-01	-3.537367e-01	-5.391350e-01	-1.531863e-01	-2.645579e-01	4.533730e-01	8.023860e-02	-2.627965e-01	3.385496e-01	-2.845468e-01	-5.120976e-01	-2.752152e-01	2.384050e-01	-9.542763e-02	4.437937e-01	-3.089351e-01	2.911236e-01	3.337034e-01	-4.611746e-01	1.338564e-01	-1.378471e-01	-1.161182e-01	-1.350840e-02	-2.273600e-02	3.232831e-01	7.979126e-02	1.452915e-01	-1.946418e-01	-3.801512e-01	1.580361e-01	1.415059e-01	-3.073466e-01	3.536484e-01	1.778868e-01	-2.867422e-01	3.655629e-01	-7.603660e-01	-7.257637e-02	2.376834e-01	-1.146691e-01	1.275973e-01	3.888203e-01	-1.401828e-01	-8.028488e-02	1.159293e-01	-5.231557e-01	-1.054170e-01	6.430211e-02	-6.086502e-01	-3.140772e-01	-1.131811e+00	-1.283294e-01	1.249352e-01	-2.696198e-01	-2.345802e-01	4.108798e-02	5.236171e-01	-2.210103e-01	4.900597e-01	6.778761e-01	1.183043e-01	7.915344e-02	-4.521926e-01	-7.605867e-01	2.542329e-01	-6.861688e-01	2.847442e-02	4.880689e-01	2.453739e-01	-5.285631e-01	-1.728855e-01	-1.778859e-01	-5.886842e-02	4.670635e-01	1.652652e-01	-1.791975e-02	-6.429783e-01	2.732380e-01	2.551333e-01	-4.129554e-01	2.040119e-01	2.683105e-01	-5.701532e-01	3.463110e-01	1.097659e-01	1.871676e-01	-1.868765e-01	4.630396e-01	1.772471e-01	2.443613e+00	-1.856299e-01	-7.415805e-01	-3.587318e-01	2.315724e-02	2.839008e-01	1.763771e-01	2.015272e-01	-9.948678e-01	2.701125e-01	2.324212e-01	2.393328e-02	3.290229e-01	-4.631281e-01	-8.191865e-03	6.387706e-01	-3.165613e-01	-1.642164e-02	1.525835e-03	-4.013921e-01	3.627776e-02	-1.621684e-01	-2.517149e-01	-1.094709e-01	-1.903825e-01	-7.342170e-01	5.862328e-01	2.719246e-01	-9.957408e-01	-6.299571e-01	-8.693047e-01	2.950774e-01	-5.372482e-01	-5.691393e-01	3.647008e-01	5.956991e-01	-3.879002e-01	5.687882e-02	-3.826648e-02	2.149072e-01	-1.227974e-01	-2.386566e-01	7.186726e-02	-2.897014e-01	-3.581092e-02	5.604160e-02	-4.847700e-01	1.542874e-01	-2.346401e-01	2.008217e-02	-2.503452e-01	-3.348794e-01	-3.220859e-01	3.229375e-01	1.472870e-01	-1.133165e-01	-3.767538e-01	1.143100e-01	6.648628e-01	-5.230936e-01	-1.038924e-01	-2.921331e-01	-5.965523e-02	-4.700203e-02	-6.179085e-01	-5.109965e-01	2.414233e-01	1.762985e-01	4.090063e-01	-1.516723e-01	-1.852953e-01	-7.168764e-02	2.382680e-01	-3.731122e-01	-6.663688e-01	-2.828198e-01	2.707095e-02	-4.320112e-01	4.086606e-01	1.914439e-02	4.792371e-01	-6.096678e-02	-2.095556e-01	-3.838110e-01	3.489660e-01	-2.035476e-01	2.614173e-01	1.749648e-01	-6.735124e-02	8.654337e-01	3.153137e-01	4.272379e-02	1.816299e-01	1.969768e-02	-6.865875e-02	-2.565057e-01	1.726715e-01	-2.626078e-01	2.855348e-02	-1.211671e+00	-3.295475e-01	3.459224e-01	1.221346e-01	1.204555e-01	-4.727489e-01	4.558911e-01	-2.905266e-04	-2.203842e-01	-2.024175e-02	2.994793e-01	-4.846675e-01	5.449907e-02	-2.625774e-02	-4.853121e-01	-1.345456e-01	-1.711415e-01	-4.374842e-01	1.314354e-01	5.122860e-02	-1.718320e-01	-5.132726e-01	-4.169728e-02	1.426737e-01	2.152116e-01	-1.008760e-01	9.274236e-02	-3.866146e-01	1.678675e-01	-1.654411e-02	3.078504e-01	-2.762861e-01	-1.041533e-01	-3.651744e-01	-1.531313e-02	1.097562e-01	-1.054672e-01	-9.945708e-03	-2.522616e-01	-5.272700e-01	-1.414992e-01	-1.700354e-01	-1.711527e-01	2.287354e-02	1.578534e-01	-1.933707e-01	9.353377e-02	8.670965e-02	-2.559446e-01	4.472477e-01	2.515203e-01	-1.747380e-01	2.152928e-01	-3.431058e-01	-5.245656e-01	2.335546e-02	-3.002503e-01	-4.864048e-01	-2.967981e-05	-4.666066e-01	1.534815e-01	-9.501233e-02	2.152700e-01	-3.401786e-01	1.268997e-01	2.630757e-01	-8.203492e-01	-1.071153e-01	-2.796561e-02	-1.203535e-01	2.619079e-01	2.502965e-01	-4.440922e-01	-6.578767e-02	-2.255451e-02	-1.804217e-01	1.680483e-03	2.307844e-01	-2.790432e-01	-2.375686e-01	-9.088720e-03	3.700676e-01	-1.016058e-02	-1.991448e-01	-4.501618e-01	-2.631403e-01	-5.633514e-01	-2.683260e-01	-3.419451e-01	2.265909e-01	3.941655e-01	1.145024e-02	6.151781e-01	-3.806117e-01	1.352541e-01	-1.477592e-01	-3.497051e-01	2.981239e-01	-1.165112e-01	6.092966e-01	2.166118e+00	1.848630e-01	2.414930e-01	-3.427064e-01	-3.231453e-01	-3.766848e-02	-3.496348e-01	-3.408092e-01	-1.445652e-01	-9.116269e-02	4.741662e-02	-2.371991e-01	1.826982e-01	6.162767e-01	2.012104e-01	-1.773414e-01	-8.722527e-02	-1.818581e-01	1.038755e-01	-1.467168e-01	-1.222243e-01	9.016524e-02	6.796356e-02	-2.138051e-01	-5.946255e-02	5.650082e-01	-1.179680e-01	6.290933e-01	-7.044315e-01	-2.737218e-01	-3.086713e-01	5.925756e-01	-6.523212e-01	-5.305426e-01	-3.709485e-02	-4.368366e-01	-4.955111e-01	1.542454e-01	5.284717e-02	3.271930e-01	-9.089294e-02	3.118675e-01	2.715396e-01	4.572828e-01	-1.163985e-01	1.222477e-01	1.789380e-02	-4.147263e-01	-1.394966e-01	1.570161e-01	1.718929e+00	-6.724819e-01	-6.853478e-02	2.920629e-01	-5.243795e-02	-5.084893e-01	-4.726681e-01	-3.675099e-01	-6.702918e-01	1.152919e-01	-5.910384e-01	6.556986e-02	2.280361e-01	-5.155675e-01	4.245028e-01	-2.230801e+01	2.482128e-02	5.059657e-02	-4.719889e-01	2.232081e-01	-2.231030e-01	6.913535e-04	-8.868345e-01	1.489512e-01	5.144547e-02	-1.159329e-01	-4.821519e-01	1.779100e-01	-3.336309e-01	3.086852e-01	-1.236707e-01	1.578674e-01	-4.064469e-01	-3.041475e-01	5.590264e-02	-4.603020e-02	-1.412243e-01	7.016550e-02	-3.080423e-01	2.641838e-01	-3.908149e-01	7.692433e-01	-5.250968e-02	-5.000520e-01	1.492676e-01	-5.615001e-01	-3.809206e-01	2.113580e-02	-5.287819e-02	1.480733e-01	5.339809e-01	2.407852e-01	6.481589e-01	-1.677358e-01	2.329615e-01	-1.556841e-01	7.951277e-03	4.046451e-01	-2.675228e-01	2.485474e-01	5.632306e-01	5.794185e-02	2.759539e-01	2.691064e-01	-8.874794e-01	2.743806e-01	-1.613386e-01	4.739383e-01	7.241372e-01	2.913181e-01	-1.990451e-02	3.141870e-02	1.735800e-01	1.076902e-01	1.105944e-01	9.954703e-02	-1.213205e-01	2.196933e-01	5.916562e-02	-1.773465e-01	1.484734e-01	-1.503496e-02	9.924311e-02	8.653114e-02	2.165172e-01	-8.093508e-02	-3.551414e-01	-5.461428e-01	1.432487e-01	3.223400e-01	2.525055e-01	1.780054e-01	4.094877e-02	-1.306448e-01	-4.263451e-01	-3.720005e-01	8.134792e-02	1.729973e-01	-4.727340e-01	6.940603e-02	-2.933980e-04	-1.102629e+00	4.985895e-01	-4.280995e-01	4.152698e-01	-1.583923e-01	4.921164e-01	1.142401e-02	6.776383e-02	1.861481e-02	2.784157e-01	-9.514425e-03	-5.645485e-01	-2.129263e-01	-1.397992e-01	-4.426609e-01	-2.548457e-02	1.313654e-02	-1.114430e-01	4.206457e-01	1.104002e-01	-2.696856e-01	-1.810015e-01	-9.531945e-02	-2.032996e-01	1.865430e-01	-7.353031e-01	2.957777e-01	-6.595125e-01	-7.242205e-01	1.365067e-01	-5.679817e-02	3.594192e-01	3.336342e-01	7.765371e-02	-8.098724e-01	2.472835e-02	-3.031036e-01	-2.264908e-02	-1.955250e-01	-2.420801e-01	1.278248e-02	-9.942665e-03	5.314425e-02	-1.878691e-01	-4.235806e-01	2.238029e-01	-7.923322e-01	-3.315037e-01	-2.594674e-01	-7.760092e-02	-2.966103e-01	-1.768438e-01	7.554562e-02	1.048123e-01	-2.706336e-01	2.041413e-01	3.289608e-01	8.666775e-02	-3.184170e-01	-1.003486e-01	-3.905816e-01	3.019566e-01	-1.220863e-01	-1.554743e-02	1.426852e-01	3.636295e-01	-9.952303e-02	-1.437628e-01	-8.985560e-02	-1.236250e-01	-1.633010e-01	8.120582e-03	1.981779e-01	3.540641e-01	4.677948e-02	-1.822075e-01	5.109150e-01	4.819022e-01	2.388104e-01	-2.395661e-02	-2.900282e-01	-2.007604e-01	-2.011577e-01	-2.542731e-01	7.590263e-01	-6.855370e-01	1.426455e-02	-3.127641e-01	-1.076311e-01	1.686100e-01	-3.769130e-01	-1.113768e-01	3.635838e-01	3.560017e-01	4.751071e-01	2.571868e-01	6.553310e-01	8.420021e-01	2.302291e-02	1.970453e-01	-8.453107e-02	2.639259e-01	-1.094272e-01	5.051203e-02	-3.156017e-01	-4.701675e-01	-1.683979e-01	1.963674e-01	1.953760e-01	-7.277723e-02	-5.363646e-01	-2.122452e-01	2.431507e-01	8.888319e-02	-2.122764e-03	2.623609e-01	-3.092814e-01	1.651408e-02	7.134314e-01	2.782410e-01	4.762971e-02	-1.600674e-02	5.078954e-02	1.452512e-01	1.236233e-01	-4.198820e-01	-1.770523e-01	1.733240e-01	-1.340887e-01	4.272018e-02	-1.909778e-01	-1.289537e-01	-2.056022e-01	-5.335384e-01	3.354160e-01	3.492179e-02	-1.066440e-01	-2.121660e-01	6.997379e-02	3.293411e-01	3.854953e-02	3.172584e-01	-1.120304e-01	9.892735e-02	1.184648e-01	-5.866928e-02	2.699029e-01	-2.591182e-01	9.021857e-01	-2.587578e-01	-4.538514e-01	-8.510769e-02	2.961278e-01	1.253041e-01	3.773030e-02	-2.128249e-02	7.074677e-01	3.248734e-01	-2.060207e-01	-7.073796e-02	-8.279917e-02	5.679762e-01	-2.344733e-02	-2.045356e-01	-4.636902e-01	2.621598e-01	7.385347e-01	8.214201e-01	-2.205986e-01	-2.004423e-01	-4.072398e-01	3.996310e-01	-1.742580e-02	-7.461325e-03	1.172119e-01	8.880385e-01	1.489968e-01	3.629923e-01	2.958247e-01	1.338446e-01	-5.560674e-02	-3.616186e-01	2.693273e-01	1.186630e-01	1.577456e-01	4.836280e-01	5.472918e-01	4.018877e-01	3.975047e-01	-3.290796e-01	2.437237e-01	9.341846e-02	1.193816e-03	-4.298628e-01	-2.857641e-01	7.551391e-02	-4.874945e-01	3.224145e-02	-9.777761e-02	-2.311286e-01	-3.821225e-01	-1.498987e-01	2.692938e-01	-9.249960e-02	1.423294e-01	5.231989e-02	-2.660425e-02	2.756104e-01	-4.650510e-01	-3.798704e-01	-6.906593e-01	5.335260e-02	-5.354477e-01	-8.917011e-03	-3.105434e-01	1.570865e-01	-1.369859e-01	-2.049096e-01	6.462674e-01	-1.299279e-01	-8.916972e-02	2.057901e-01	4.959744e-01	-2.481429e-01	-6.543214e-02	-6.150130e-03	-2.217008e-01	2.689477e-01	-4.289574e-01	1.245123e-02	-9.039743e-02	-1.912023e-01	-3.534561e-01	1.820382e-02	5.636362e-01	2.435506e-01	-6.932201e-01	-4.338395e-01	-4.304596e-01	-2.301077e-01	-2.532366e-01	-7.659117e-04	-1.645631e-01	-1.045449e-01	1.556649e-01	1.574887e-01	2.929370e-01	1.099940e-01	-2.102354e-02	-7.211761e-02	-2.232555e-01	-1.929916e-01	-3.343045e-02	3.814922e-02	-3.634131e-01	1.576589e-01	5.713153e-01	-3.014030e-01	1.007003e-01	3.162127e-01	-4.749045e-01	-3.064679e-01	-4.443113e-02	-1.083787e-01	8.450756e-02	1.280880e-01	2.003181e-01	3.903613e-02	-1.040774e-01	2.049798e-01	3.124034e-01	6.042872e-01	-4.515166e-02	-9.233299e-02	1.319122e-03	-2.596039e-01	5.279655e-02	2.872489e-01	1.620295e-02	-4.194968e-02	-3.569276e-01	-1.198501e-01	4.381246e-01	4.019091e-03	-2.980903e-01	9.360350e-02	1.385198e+00	-1.965090e-01	1.803738e-01	-1.103550e-01	-2.280161e-01	-3.893492e-01	-7.409664e-02	5.349408e-01	7.902831e-03	-5.197827e-01	1.412291e-01	-5.021015e-01	-5.292799e-01	3.244928e-01	-6.696206e-02	4.682300e-01	-1.160389e-02	4.781624e-02	2.143227e-01	6.686006e-02	-2.787282e-02	1.206189e-01	3.432215e-01	5.832238e-01	-4.865277e-03	1.229039e-02	-1.647610e-01	9.454583e-02	2.911513e-01	-3.661335e-01	-6.159631e-03	-3.360333e-01	1.704163e-01	-3.663997e-02	-4.308923e-01	-3.830617e-02	-2.202670e-02	-3.153749e-01	3.053136e-01	5.852133e-02	8.281973e-02	2.640111e-01	2.453991e-01	7.938883e-01	-2.355623e-01	-3.112806e-01	-6.831837e-02	-2.370858e-01	2.955192e-01	1.326031e-01	-1.170855e-01	2.060488e-01	-2.296714e-01	-5.591532e-01	-1.483881e-01	3.176777e-01	-3.364623e-01	4.250654e-01	-4.037242e-01	4.357094e-01	8.181426e-02	-2.671007e-01	7.493729e-02	-1.947007e-01	-1.830697e-02	1.644762e-01	-1.970382e-01	4.468307e-01	-2.208321e-03	-5.588248e-03	-2.422151e-01	-3.058184e-01	1.790124e-01	6.497387e-02	-1.315253e-01	3.153262e-01	1.258381e-01	-2.612664e-01	3.955175e-01	-5.540010e-01	-1.769264e-01	2.011111e-01	-1.248464e-01	2.392561e-01	2.757189e-01	-1.756986e-01	1.075924e-01	9.969769e-02	-2.008928e-01	-1.685276e-01	-1.532881e-01	-6.284277e-01	-3.652353e-01	-1.064471e+00	-7.239184e-02	9.052163e-02	-1.888992e-01	-3.209756e-01	-5.517024e-02	4.271495e-01	-2.282401e-01	5.271352e-01	7.727001e-01	4.855531e-02	2.172942e-01	-3.427532e-01	-6.071742e-01	2.332646e-01	-5.326111e-01	1.686452e-01	4.111627e-01	4.166346e-01	-5.187389e-01	-2.318239e-03	-3.993752e-02	-6.381623e-02	5.377001e-01	7.440393e-02	1.732740e-01	-5.676174e-01	2.683674e-01	5.126076e-02	-4.657999e-01	3.281943e-01	4.313906e-01	-4.799516e-01	1.470463e-01	-7.604551e-02	3.022639e-01	-1.570046e-01	4.758029e-01	2.355779e-01	3.041945e+00	-1.130118e-01	-6.329383e-01	-2.316099e-01	2.042107e-01	3.378726e-01	-5.524449e-02	7.902957e-02	-1.002084e+00	2.497580e-01	3.449859e-01	-1.592324e-01	3.061784e-01	-3.316762e-01	-6.627800e-02	3.478541e-01	-2.262371e-01	-1.418705e-01	5.167078e-02	-1.891036e-01	-1.262053e-01	-3.399183e-01	-4.020644e-01	-1.327357e-01	-1.910576e-01	-5.247105e-01	2.164402e-01	3.496197e-01	-9.775733e-01	-3.792956e-01	-5.558367e-01	2.876765e-01	-6.406316e-01	-5.055438e-01	1.958110e-01	4.650263e-01	-3.230089e-01	1.375407e-01	-3.657840e-02	1.809681e-02	-9.144519e-02	-1.427919e-01	6.220364e-03	-2.065385e-01	2.298481e-01	-7.858980e-02	-6.228821e-01	2.651945e-01	-9.943658e-02	-9.101082e-02	-4.103099e-01	-2.904360e-01	-3.033405e-01	2.472767e-01	7.033502e-02	-3.319798e-01	-2.122105e-01	6.912828e-02	5.074254e-01	-5.044299e-01	-2.047849e-02	-1.794822e-01	-8.428322e-02	-1.283447e-01	-4.203265e-01	-4.282801e-01	3.570875e-01	8.883753e-02	1.318463e-01	-1.148601e-01	-2.638896e-01	-3.163612e-01	1.997582e-01	-3.983953e-01	-5.206995e-01	-1.976593e-01	2.517899e-02	-3.658593e-01	1.379465e-01	1.676054e-01	2.996217e-01	4.495684e-02	-1.346235e-02	-4.879319e-01	3.270737e-01	-2.106589e-01	1.114993e-01	2.395607e-01	6.512332e-02	1.038936e+00	2.498875e-01	1.790469e-01	6.909972e-02	1.432523e-01	1.368189e-02	-2.268574e-01	1.536479e-01	-2.757693e-01	-9.215043e-02	-4.739312e-01	-4.119747e-01	1.448380e-01	4.041551e-02	1.340522e-01	-3.809402e-01	3.144329e-01	2.253891e-02	-9.544057e-02	-5.381208e-02	1.226753e-01	-3.904793e-01	2.140023e-01	-1.141376e-01	-4.209310e-01	-3.383181e-01	-1.327044e-01	-4.059351e-01	-6.431153e-02	1.234772e-01	-4.767017e-02	-6.997213e-01	6.126910e-02	-4.054081e-02	2.746442e-01	-4.176511e-04	1.453606e-01	-2.192240e-01	6.238021e-02	-7.658064e-02	-9.831306e-02	-2.027160e-01	1.427214e-01	-2.352602e-01	3.598764e-02	-1.705655e-02	-1.863767e-02	-1.581493e-01	-2.676095e-01	-3.870835e-01	-9.861701e-02	-1.173390e-01	-1.948700e-01	2.879401e-01	1.001457e-01	-1.056562e-01	1.470961e-02	8.966181e-02	-4.912805e-01	4.353633e-01	7.846240e-02	-2.666420e-02	1.437711e-01	-1.991580e-01	-2.713732e-01	7.458339e-02	-3.048144e-01	-2.416521e-01	-1.163370e-01	-3.747408e-01	1.486363e-01	-1.095726e-01	2.810007e-01	-3.990940e-01	8.020421e-03	9.715197e-02	-8.161086e-01	3.633528e-02	-4.434150e-02	-1.253814e-01	7.268049e-02	1.371374e-01	-4.937200e-01	1.174552e-01	-1.809023e-01	-1.015596e-01	-2.828448e-02	2.152682e-01	-3.163005e-01	-2.038853e-01	6.001416e-02	4.011915e-01	-2.256684e-01	-8.348799e-02	-1.285957e-01	-2.612424e-01	-3.521859e-01	-1.130073e-01	-2.478752e-01	1.560920e-01	3.028314e-01	-1.129711e-01	4.592223e-01	-1.642952e-01	-1.289223e-01	-3.002587e-02	-2.170343e-01	1.775361e-01	-8.829001e-02	3.222804e-01	2.153496e+00	2.010009e-01	2.660691e-01	-3.950264e-01	-3.263401e-01	-1.422131e-01	-3.190484e-01	-4.720553e-01	-1.179338e-01	5.257702e-02	-5.140185e-02	-1.852112e-01	1.051783e-01	5.190034e-01	1.798452e-01	-2.973398e-01	1.453536e-02	3.177309e-02	7.515794e-02	-2.024707e-01	-1.684770e-01	2.156532e-01	1.863794e-01	-2.375922e-01	1.053032e-02	4.867957e-01	1.592132e-01	5.549669e-01	-4.241273e-01	1.170035e-02	-1.859426e-01	4.676511e-01	-7.977975e-01	-6.707666e+00	-1.326979e-02	-3.348124e-01	-1.474288e-01	2.431930e-01	2.697487e-01	1.277883e-01	-1.938755e-01	2.840136e-01	2.793138e-01	5.125148e-01	1.163685e-01	1.012202e-02	-2.697307e-01	-3.527327e-01	6.381294e-02	1.832438e-01	1.454946e+00	-5.798810e-01	2.168485e-02	2.861943e-01	5.816340e-03	-4.858787e-01	-4.172794e-01	-3.664063e-01	-5.181190e-01	1.160453e-01	-6.655024e-01	1.224013e-01	8.630275e-02	-3.856219e-01	1.894929e-01	-1.632645e+01	2.165482e-01	9.619831e-02	-3.937922e-01	1.352596e-01	-3.089676e-01	9.073338e-02	-2.388053e-01	2.169788e-01	-1.125134e-02	-1.143762e-01	-4.535253e-01	1.136025e-01	-5.965636e-01	2.673431e-01	-3.222682e-01	8.020049e-02	-3.865214e-01	-1.982680e-01	-5.879313e-02	1.296803e-01	-1.866804e-01	1.732031e-01	-2.681043e-01	2.073098e-01	-4.624301e-01	7.499224e-01	-7.663579e-02	-5.436443e-01	2.602664e-01	-3.567329e-01	-3.411975e-01	1.325053e-01	-5.502826e-02	1.059188e-01	6.173754e-01	5.182125e-02	4.830073e-01	-3.294257e-01	1.238904e-01	-2.982094e-01	1.156194e-01	2.499027e-01	-1.873988e-01	2.011176e-01	6.804650e-01	2.712077e-02	3.271582e-01	1.808953e-01	-9.207534e-01	-7.834249e-02	4.390507e-02	2.909988e-01	6.301098e-01	3.119671e-01	-6.833671e-02	1.014948e-01	3.409622e-01	-4.156063e-02	-5.373599e-02	1.240044e-01	-9.500064e-02	2.415985e-01	2.995867e-01	-2.623442e-01	1.334840e-01	-6.930917e-02	7.125789e-02	-3.347571e-02	3.552997e-01	-7.092877e-02	-3.143829e-01	-4.197016e-01	-3.228862e-02	1.296855e-01	1.172397e-01	-6.602593e-05	1.620147e-01	-2.470692e-01	-2.711628e-01	-2.343641e-01	-4.513363e-02	5.243852e-02	-3.880518e-01	1.044626e-02	-1.695125e-02	-1.196173e+00	4.014950e-01	-5.355659e-01	7.528178e-02	-1.833828e-01	2.244243e-01	-5.193286e-02	-4.644564e-02	7.065029e-02	1.792889e-02	7.220719e-03	-4.087738e-01	-8.918782e-02	-7.468008e-02	-9.278357e-02	2.093089e-01	-8.512478e-02	2.026357e-02	3.025410e-01	1.331090e-01	-5.779954e-02	-5.890200e-02	-7.768724e-02	4.156625e-02	2.682420e-01	-5.711619e-01	2.916151e-01	-4.135041e-01	-6.272526e-01	-4.393619e-02	-1.943280e-02	4.022436e-01	3.863824e-01	2.281017e-01	-9.807171e-01	-5.454507e-02	-2.806982e-01	-7.472007e-02	-4.716016e-01	-2.595134e-01	1.685851e-01	-1.405450e-01	9.281316e-02	-2.731018e-01	-2.563542e-01	1.071864e-01	-5.318650e-01	-2.274968e-01	-1.693776e-01	-2.119387e-01	-2.078815e-02	-9.567839e-02	1.854291e-01	7.022268e-02	-3.606422e-01	-3.921649e-02	3.850124e-01	-8.806577e-02	-4.551399e-01	-1.025220e-01	-4.489895e-01	2.738734e-01	-3.852482e-01	2.763103e-03	7.737065e-02	1.258951e-01	-8.612568e-02	1.524004e-01	-1.445944e-01	-4.082344e-01	-9.275216e-02	9.690290e-02	-2.681136e-02	1.907460e-01	-1.201064e-01	-4.203451e-02	3.973058e-01	2.966007e-01	-1.586365e-02	1.273039e-01	-1.528692e-01	-1.586955e-01	-2.465814e-01	-3.198039e-01	6.237405e-01	-5.208338e-01	8.495679e-02	-4.061636e-01	-3.387054e-01	1.267995e-01	-3.163860e-01	-6.778309e-02	1.951846e-01	3.240242e-01	3.283783e-01	1.159857e-01	3.374607e-01	7.161183e-01	1.685531e-02	1.763054e-01	-3.514589e-02	2.064875e-01	-8.542679e-02	1.872916e-01	-1.377086e-01	-2.868413e-01	-1.858829e-01	2.073599e-01	5.310266e-02	-2.468840e-01	-2.933443e-01	-9.437877e-02	2.706135e-01	2.740235e-01	5.380492e-02	4.722697e-01	-1.093962e-01	4.027827e-02	7.442974e-01	2.480559e-01	1.729798e-02	3.837273e-02	-8.234373e-03	1.117366e-01	-5.465912e-02	-1.513556e-01	-2.213682e-01	4.704525e-02	3.114122e-03	-4.720683e-02	-3.033194e-01	-2.033849e-01	-1.245715e-01	-1.217532e-01	2.818081e-01	-2.098600e-01	-3.049771e-01	-3.619549e-02	1.130906e-01	2.505669e-01	4.258062e-02	1.054656e-01	-3.073077e-01	4.741365e-02	5.770157e-03	4.953863e-02	4.805523e-01	-2.019017e-01	8.105764e-01	-2.461486e-01	-3.193394e-01	-1.114422e-01	3.930980e-01	-5.373253e-02	1.130682e-01	5.777655e-02	7.152534e-01	2.397679e-01	-1.480951e-01	-5.481533e-02	-9.836274e-02	5.758585e-01	-2.058347e-02	8.681970e-02	-2.304077e-01	1.248130e-01	6.427402e-01	8.987674e-01	-2.428914e-01	-2.677914e-01	-2.277987e-01	2.030577e-01	-2.425564e-01	6.937122e-02	3.607041e-02	8.194165e-01	8.048850e-02	2.249270e-01	2.759526e-01	2.731434e-01	2.092495e-01	-3.502638e-01	3.404752e-01	1.807364e-01	3.040442e-01	2.757223e-01	4.136029e-01	2.082286e-01	4.103303e-01	-6.042795e-02	4.146302e-01	-5.602290e-02	-1.069914e-01	-3.986810e-01	-1.405730e-01	-1.851430e-02	-2.419464e-02	-4.731115e-02	4.519896e-02	-3.441583e-02	-2.302217e-01	7.957802e-02	4.407155e-01	1.706837e-02	2.560890e-01	-1.215115e-01	-5.996113e-02	9.928132e-02	-2.423769e-01	-3.975264e-01	-4.299450e-01	-2.193207e-02	-5.115668e-01	6.180430e-02	-5.768082e-01	1.532960e-01	1.552577e-01	-4.156479e-02	5.216061e-01	4.684616e-02	-4.050768e-02	3.097709e-02	3.541434e-01	-3.074564e-01	-1.113319e-01	-2.018740e-01	-2.707795e-01	1.569375e-01	-4.106613e-01	-4.894587e-02	7.812391e-03	-9.403998e-02	-1.901403e-01	-2.047416e-01	5.389348e-01	-1.004173e-03	-4.093612e-01	-1.879346e-01	-3.696862e-01	-2.490725e-01	-2.687486e-01	-9.212434e-04	-1.711963e-01	-4.806265e-02	1.382355e-02	1.979973e-01	3.734130e-01	1.691600e-02	5.511097e-03	-2.025992e-01	-2.152039e-01	-2.446265e-02	-3.124732e-02	-1.064681e-01	-2.111025e-01	1.153928e-01	6.271671e-01	9.914110e-03	9.841209e-03	3.362453e-01	-3.084461e-01	-2.544218e-01	3.068526e-02	-1.367028e-01	-8.319314e-02	-6.336680e-02	-3.947132e-03	6.182439e-02	-4.000860e-02	1.650906e-02	3.303441e-01	4.383881e-01	-7.944886e-02	-5.741327e-02	-8.254091e-02	-2.501500e-01	-2.156205e-02	1.027461e-01	2.206507e-01	1.309317e-01	-2.108940e-01	-1.112010e-01	4.385480e-01	2.259363e-01	-2.976575e-01	-1.448067e-01	1.478154e+00	-1.760617e-01	2.228155e-01	1.309167e-01	-6.208034e-02	-2.422330e-01	-1.455901e-01	3.504046e-01	2.351198e-01	-3.878007e-01	2.199631e-01	-3.655966e-01	-4.433436e-01	3.622497e-01	4.500185e-02	2.510119e-01	8.460454e-03	-1.837228e-01	2.611175e-01	8.209651e-02	7.537059e-02	-5.950302e-02	3.472748e-01	5.007502e-01	5.543533e-02	-1.911876e-01	-2.851031e-01	1.875884e-02	9.473936e-02	-8.349776e-02	2.077008e-01	-4.086216e-01	2.397996e-02	-1.381993e-02	-2.467989e-01	1.720926e-02	1.980207e-01	-9.449513e-02	-5.906409e-02	8.619209e-02	-1.963027e-01	2.185865e-01	1.809205e-01	5.482130e-01	-4.725677e-02	-3.685153e-01	-2.177460e-02	-1.312778e-01	1.526000e-01	8.148308e-02	1.147943e-02	2.608338e-01	-2.305320e-01	-4.330536e-01	-1.927019e-01	4.265236e-01	-2.070894e-01	2.780153e-01	-1.775254e-01	3.972462e-01	-2.510588e-02	-3.731211e-01	2.144902e-01	-1.265726e-01	1.338054e-01	2.227933e-01	-4.502212e-01	3.954644e-01	-1.217253e-01	-1.229935e-01	-3.785704e-01	-9.178443e-02	2.833623e-01	2.165005e-01	-5.921480e-02	1.731969e-01	1.827078e-02	-2.062409e-01	3.020959e-01	-4.594830e-01	-1.967410e-01	1.155187e-01	-1.928035e-01	3.938964e-01	1.321917e-01	-7.837007e-02	1.617402e-01	2.929713e-02	-3.143834e-02	-2.183561e-01	-1.451082e-01	-4.454071e-01	-2.894083e-01	-9.455101e-01	2.088012e-01	2.574106e-01	-1.567122e-01	-1.919652e-02	-2.641879e-02	4.301635e-01	-1.262877e-01	3.882201e-01	9.514467e-01	-8.277047e-02	1.415213e-01	-4.556075e-01	-1.132426e-02	1.152564e-01	-2.509942e-01	1.712829e-01	4.314048e-01	2.263224e-01	-3.106014e-01	-1.770307e-02	3.317208e-02	-1.933257e-01	3.877050e-01	-9.246235e-02	2.200608e-01	-3.049895e-01	-2.589510e-02	-7.467576e-02	-3.561421e-01	5.851661e-01	3.199676e-01	-3.959173e-01	6.132488e-02	-1.410099e-01	2.080647e-01	-1.813061e-01	4.226952e-01	2.571449e-01	3.176667e+00	1.045418e-02	-5.032678e-01	-2.854433e-01	8.023094e-02	2.233503e-01	-1.397586e-01	1.473607e-01	-7.076893e-01	7.363757e-02	4.667566e-01	-2.155599e-01	3.265429e-01	-4.841173e-02	-1.375075e-01	2.217541e-01	-2.372070e-01	-5.296167e-03	2.089469e-01	1.313616e-01	-8.329631e-02	-2.418872e-01	-4.055638e-01	-1.322489e-01	-1.677768e-01	-4.576845e-01	2.047939e-01	3.535551e-01	-8.881540e-01	-3.371934e-01	-3.927603e-01	5.203578e-01	-5.121381e-01	-5.453518e-01	2.550713e-01	2.333096e-01	-2.788480e-01	
-6.058301e-03	-3.385511e-01	6.129007e-01	1.863944e-01	3.499799e-01	4.134596e-01	-1.609233e-01	4.148628e-03	-4.307774e-02	3.447397e-01	-5.201894e-02	3.469574e-01	-6.723236e-02	1.477000e-01	1.346536e-01	-3.962422e-01	5.933509e-01	-3.519634e-01	-1.654034e-01	2.597353e-01	-1.492990e-01	-5.321695e-02	4.378622e-02	1.010092e-01	-1.673482e-02	3.210002e-01	-2.561689e-01	-6.052117e-02	-1.927509e-01	-4.485063e-01	1.464185e-01	3.936018e-01	-2.290469e-01	3.878171e-01	7.373687e-02	-8.617586e-02	-1.623116e-01	9.079751e-02	7.350472e-02	-2.203725e-01	-8.644792e-02	5.464344e-02	-5.772625e-02	8.792263e-02	5.206366e-02	-4.206786e-01	8.859164e-02	4.418899e-02	-8.288793e-02	3.404571e-01	1.659983e-01	-1.856095e-01	1.241674e-01	2.400423e-02	-2.362364e-02	4.364122e-02	4.490716e-02	-2.674804e-01	3.317730e-02	8.342513e-03	-2.685456e-02	7.733866e-02	-3.819637e-01	-2.127893e-01	7.011849e-02	2.657689e-01	-1.978023e-02	3.905441e-02	2.297041e-01	1.963267e-01	-1.764599e-01	1.964799e-01	5.577976e-01	8.726609e-02	-2.702009e-01	7.273372e-01	1.086316e-01	-1.736335e-01	-8.997529e-01	-1.778070e-01	4.026775e-01	2.211904e-01	-1.691917e-01	2.851650e-01	-5.810068e-02	4.694789e-01	3.933979e-01	5.892458e-03	4.085755e-01	-3.574465e-01	3.224617e-02	-3.322399e-02	9.716689e-01	2.476871e-01	-5.147670e-01	4.662247e-01	9.812025e-02	2.819799e-01	8.147697e-03	2.442940e-01	-3.227135e-01	3.594900e-02	5.078220e-01	4.566119e-02	2.709463e-01	-2.214786e-01	1.318500e-01	-7.813539e-02	1.272943e-01	4.953813e-01	9.689671e-02	8.052176e-02	2.069664e-01	1.451970e-01	2.575619e-01	-2.530378e-01	-1.679851e-01	1.946546e-01	1.646435e-01	-3.054287e-01	1.318251e-02	2.236234e-02	-3.051572e-02	9.583782e-02	1.099010e-01	-6.234700e-02	1.791127e-02	1.127572e-01	-3.576417e-02	1.647266e-01	-4.443046e-01	3.538677e-02	2.088444e-01	6.416935e-02	4.524885e-01	-1.279054e-01	3.171547e-01	-1.365194e-01	-1.229179e-01	4.956531e-01	7.181896e-02	1.987183e-01	-1.461505e-01	-2.895943e-01	2.333703e-02	-1.885038e-02	-4.248461e-01	3.370453e-01	-2.807263e-01	-3.359394e-01	3.441987e-02	3.506609e-01	2.466262e-01	3.761111e-01	-7.180712e-02	4.264966e-02	3.895976e-01	8.296271e-02	-3.103931e-01	3.404727e-01	-1.234822e-01	3.859987e-01	-3.920207e-01	1.501070e-01	-6.291999e-02	-7.182755e-02	-1.570878e-02	-3.355161e-01	-1.469846e-01	3.620905e-02	3.047064e-02	2.648222e-01	-1.055109e-01	1.507466e-01	5.776506e-01	1.198490e-01	1.821986e-02	1.338338e-01	9.927682e-03	-2.318877e-01	-5.272071e-01	4.880320e-02	-1.269231e-01	-1.031945e-01	2.149922e-01	-6.936170e-02	8.384756e-02	-3.589847e-03	-5.145083e-03	-1.459303e-03	-2.743227e-01	-1.787521e-01	-3.872381e-01	3.152543e-01	-1.233212e-01	4.905047e-01	-2.399413e-01	2.087775e-01	-1.295165e-01	-2.080251e-01	-4.233468e-01	-9.502356e-02	1.805620e-01	3.259713e-01	-9.261986e-02	4.059739e-01	5.175035e-02	4.849915e-02	-1.720696e-01	8.016927e-01	-1.902276e-01	-8.802345e-02	2.360910e-01	6.084842e-03	3.145974e-01	1.949290e-01	1.299346e-02	-6.251017e-02	3.362039e-01	2.091160e-01	-7.801988e-02	5.995610e-02	-1.788241e-01	-2.112734e-01	1.335345e-02	-2.998756e-01	9.531001e-02	8.517788e-02	-3.103974e-01	-1.340313e-01	-4.084277e-01	-3.048361e-01	-1.725308e-01	2.121299e-01	-2.111971e-01	2.700719e-01	2.959839e-01	-6.265281e-02	-2.192938e-01	3.573520e-01	-5.095771e-02	3.039446e-01	1.281402e-01	-4.156369e-02	2.030257e-01	1.643004e-01	-2.451276e-01	-2.746381e-01	1.554700e-01	3.341922e-03	-2.628881e-01	4.320990e-02	-1.268314e-01	-1.219708e-01	-2.342145e-01	8.767836e-04	5.939433e-02	-5.156199e-02	1.331331e-01	-4.427534e-01	3.597081e-02	-4.264558e-01	-2.172402e-01	5.095401e-02	1.990464e-01	6.169647e-02	2.083445e-01	1.975051e-01	-1.235057e-02	1.425900e-01	-2.531365e-01	4.227594e-01	1.066425e-01	1.071492e-01	-2.020976e-01	3.118680e-01	-9.168223e-02	-1.401658e-01	-6.819716e-02	1.014947e-01	-5.299267e-03	-2.444485e-01	-1.642187e-01	-3.810600e-02	-4.176501e-01	6.057929e-02	4.056558e-01	-2.405141e-01	6.974276e-02	-3.006516e-01	-5.047227e-01	-4.904735e-01	1.718441e-01	2.806947e-01	3.135648e-02	-5.073720e-01	-3.730552e-01	-4.674230e-02	2.371521e-02	-8.108538e-02	3.724725e-01	3.552118e-01	-9.046723e-02	2.071407e-01	-4.021069e-01	1.741439e-01	-4.093118e-01	-2.324379e-01	5.523185e-01	2.383532e-01	-3.084124e-01	4.325358e-01	-7.103505e-01	4.613697e-01	3.534187e-01	1.315456e-01	1.905592e-01	-8.213105e-02	-2.955265e-01	-5.085033e-02	1.023259e-01	1.852484e-02	4.113041e-01	5.559484e-02	-4.667796e-01	-6.695561e-02	3.336490e-01	-3.687118e-01	-1.794703e-01	1.937545e-01	-3.377068e-01	9.891463e-01	-6.624734e-02	-3.952905e-01	1.553820e-01	3.603648e-02	-5.125996e-02	2.797139e-02	-4.687089e-01	-1.775090e-01	-6.519651e-02	-2.866549e-01	5.928642e-01	-5.571722e-01	1.563070e-01	-1.524196e-01	4.233273e-02	5.364720e-01	-1.066872e-01	-2.830838e-01	5.492505e-02	3.686886e-01	9.106115e-02	-3.858704e-02	-5.353080e-02	9.970600e-02	-5.449980e-01	7.029170e-02	1.815909e-01	-3.308391e-01	4.410333e-02	1.324075e-01	9.304851e-02	-1.523995e-01	-4.933127e-01	1.487939e-01	1.278523e-02	1.629242e-01	7.310259e-02	3.522431e-01	1.954635e-01	6.193704e-01	-3.270009e-01	-6.153237e-01	3.024164e-01	3.547930e-02	1.936100e-01	-5.059471e-01	7.284018e-01	-8.749851e-02	-2.166478e-01	1.178605e-03	-3.264972e-01	6.785318e-02	7.620896e-02	4.657228e-02	8.668264e-02	-1.136987e-01	4.104265e-01	2.591215e-01	-2.521165e-02	2.667310e-01	-9.473147e-02	-3.595156e-01	1.719650e-01	1.607894e-01	2.435593e-01	-2.075700e-01	-5.000162e-01	-5.047162e-02	1.017673e-01	1.288433e-01	1.654833e-01	-6.459747e-02	-1.169011e-01	4.931018e-01	5.409968e-01	1.411724e-01	1.495227e-01	-6.345484e-02	3.535213e-01	2.460106e-01	2.405875e-01	4.868729e-01	8.069776e-02	3.465385e-01	-7.677804e-01	1.356540e-01	3.255508e-02	2.308004e-01	3.707457e-01	7.714444e-02	8.334792e-02	-1.422109e+00	1.015038e-01	1.079079e-01	-3.319899e-02	-6.975727e-02	-3.148831e-01	-2.740028e-01	-2.869001e-01	1.917768e-03	1.029665e-01	-2.071726e-01	-1.044817e-01	-1.903556e-01	1.006683e-01	2.150660e-02	-4.025906e-01	-8.815050e-02	8.139621e-02	-4.151714e-02	-1.000554e-01	9.572698e-02	-1.011501e-01	2.111953e-01	-4.085315e-01	-1.190801e-01	4.452978e-02	4.529118e-01	2.705420e-01	-5.358743e-02	8.218659e-03	-2.735314e-01	-4.068431e-01	-1.213118e-01	-5.870917e-02	1.117544e-01	-1.166340e-01	-3.696389e-01	-1.778447e-01	2.440124e-01	3.964269e-01	-2.424172e-02	-1.226056e-01	-4.841852e-01	-5.392209e-02	-2.078582e-01	2.389532e-01	3.698911e-01	-2.152303e-01	1.274660e-01	-2.205066e-02	-5.417137e-01	1.358176e-01	-1.431503e-01	9.042822e-02	-1.513965e-01	5.632180e-02	7.267155e-02	-2.483232e-01	3.858797e-02	6.800472e-01	-4.731712e-02	-4.509725e-02	6.851181e-02	2.464390e-01	2.122521e-01	9.693170e-02	2.554614e-01	5.080078e-01	1.085020e-01	-3.476241e-01	-7.061244e-01	1.558688e-01	4.022983e-02	-8.430208e-02	1.217869e-01	-3.882964e-02	3.058141e-01	1.363026e-01	3.119957e-01	-1.235771e-01	1.504159e-02	4.995540e-02	-1.452329e-01	2.522960e-03	1.014808e-01	-1.595794e-01	-3.429679e-01	-1.301319e-01	-8.303452e-01	-3.681359e-01	2.999462e-01	-1.781441e-02	-3.809167e-02	2.309145e-01	-3.455169e-01	8.259619e-04	1.248047e-01	1.209835e-01	8.508582e-02	1.385385e-01	-3.186527e-01	2.093327e-01	-5.535854e-01	-3.463248e-01	-1.956555e-01	1.028278e-01	-1.771325e-01	-7.911543e-02	1.149892e-01	1.815448e-02	5.750898e-01	1.085320e-01	6.330675e-01	2.959775e-03	1.714047e-01	3.445049e-01	2.232168e-01	1.030255e-01	-2.146995e-02	-1.385580e-01	3.321037e-01	1.597273e-01	3.906879e-02	-2.757041e-01	3.117955e-01	-2.556455e-02	-1.547015e-01	-1.564427e-01	-1.218562e-01	1.325997e-01	-3.355830e-03	-1.388551e-01	-2.234836e-02	-6.340010e-02	-2.458014e-01	2.713905e-01	-1.368250e-01	-3.469930e-01	2.216788e-01	1.946877e-01	2.389598e-02	1.165153e-01	1.727368e-01	-4.040497e-01	1.039823e-01	-1.213340e-02	1.820858e-01	-4.104000e-02	5.749065e-01	-1.549151e-01	2.185356e-01	-1.091696e-01	2.101765e-01	-9.004895e-02	2.012777e-01	-2.333667e-01	6.327297e-02	-2.117838e-01	-2.055273e-01	-2.052990e-01	-3.135354e-02	1.272083e-01	-3.742759e-02	-8.071887e-02	4.143442e-01	-2.105303e-02	-1.526825e-01	2.772861e-01	3.741766e-02	-4.147946e-01	-2.021335e-01	6.082989e-02	-2.145251e-01	9.551615e-02	-2.428569e-01	2.296987e-01	-4.911269e-02	4.427185e-02	-9.316701e-02	-2.688591e-01	-3.226917e-02	-6.534461e-01	7.716893e-02	7.794963e-02	-2.580330e-01	-4.134336e-01	-6.176088e-01	2.549913e-02	-1.372371e-01	-2.133934e-01	-1.751667e-01	2.034086e-01	-2.746403e-01	-2.568075e-01	9.248766e-02	4.657631e-02	4.303384e-01	2.482805e-01	-1.046344e-01	4.339198e-01	6.654493e-02	1.730822e-01	-6.662971e-02	-1.801371e-01	6.554972e-02	8.468209e-02	-1.071158e-01	1.918214e-01	3.787425e-01	6.060674e-03	6.775456e-02	1.003653e-01	2.414903e-01	-3.211187e-01	3.737688e-01	-3.243195e-01	3.003618e-01	-2.241357e-02	9.270111e-02	3.645113e-01	-2.930339e-01	-1.822870e-01	4.953374e-02	-9.234476e-02	2.173645e-01	-1.453087e-01	-4.597832e-02	5.044835e-01	-9.599894e-02	2.464985e-01	-3.249305e-01	-3.223517e-02	2.388149e-01	1.126728e-01	4.267767e-02	-1.955253e-01	3.527418e-01	-1.349190e-02	5.943530e-01	3.990373e-01	-2.353376e-01	-3.095972e-01	1.700397e-01	-2.539138e-01	-2.307926e-01	3.799433e-01	-2.089659e-01	-1.524907e-01	-7.811318e-02	1.464174e-01	5.930265e-02	2.236202e-01	2.598048e-01	-5.425112e-02	1.535124e-01	1.545906e-01	-1.082257e-01	-4.298622e-03	-1.225690e-01	1.138508e-01	-2.438818e-01	-1.972744e-01	1.387889e-01	-2.078042e-01	-2.227694e-01	-1.765937e-01	-5.106202e-02	2.343972e-02	-2.603734e-02	-1.516772e-01	-7.326386e-02	-4.406019e-01	-4.299121e-01	-5.152332e-02	5.949567e-02	4.228935e-01	6.095345e-02	2.856714e-01	-5.591671e-01	6.288116e-02	-3.471057e-01	-3.779893e-01	-4.274328e-01	-3.450126e-01	-7.426086e-02	-1.058881e-02	1.862504e-01	2.447913e-01	-1.997701e-01	1.722653e-01	-2.418609e-01	4.679436e-03	4.718119e-02	2.278796e-03	-3.237186e-01	-1.582748e-01	-5.086541e-02	6.538424e-03	-1.667130e-01	-3.624019e-01	1.260263e-02	9.230934e-02	-1.311549e-02	-1.508530e-01	9.529857e-03	3.118402e-03	-2.507858e-01	2.855195e-03	-1.363039e+00	-3.029924e-01	-1.152131e-01	-5.022782e-02	2.975774e-02	1.075682e-01	3.756324e-01	-2.502296e-01	3.223157e-01	6.890997e-02	-3.942820e-01	-1.551510e-01	-3.871074e-02	-3.863382e-01	5.672316e-02	2.251548e-01	1.905267e-02	2.786848e-01	-2.276407e-01	-3.808810e-01	8.614070e-02	-2.122031e-01	-4.202463e-02	-1.307863e-01	1.817743e-01	-4.538333e-01	3.742401e-01	7.645885e-02	3.362394e-01	-2.958756e-01	-6.526079e-01	-2.263699e-02	-6.334452e-01	-1.251507e-01	1.724650e-01	3.057663e-02	-1.588716e-01	-1.055406e-01	-3.057369e-01	2.134173e-01	3.274473e-01	9.961234e-02	4.417138e-01	-2.818681e-01	-8.171102e-02	-8.360372e-02	1.783988e-01	1.396201e-01	1.944424e-01	-3.331627e-01	-8.433864e-02	3.107780e-02	-3.500757e-01	3.217595e-01	4.612896e-02	9.816749e-02	8.104485e-02	-8.194986e-02	3.843421e-01	-3.665712e-01	3.027824e-01	-2.585305e-01	-6.178566e-02	-1.067377e-01	-4.845975e-01	-3.927436e-01	-1.633451e-01	2.703751e-01	5.286650e-01	-2.820864e-01	4.430379e-01	-2.235223e-02	-4.692417e-02	-2.908923e-01	-2.128450e-01	-1.751191e-01	-1.635760e-01	-3.430832e-01	2.425832e-01	-2.999156e-01	3.847485e-01	1.009421e-01	-4.388403e-01	-2.530414e-01	8.996017e-02	-1.628390e-01	-9.090719e-02	4.798875e-01	-1.422043e-01	5.310742e-01	-3.987560e-03	4.995779e-02	-1.452968e-01	-2.054108e-01	-5.519691e-01	-1.726694e-01	-9.647314e-02	-4.681353e-02	8.691618e-02	-1.384027e+00	-7.139613e-01	4.223205e-01	2.775096e-01	2.930733e-01	-6.539930e-02	2.605650e-01	-5.842876e-01	-2.308121e-01	1.657252e-01	4.752704e-01	-1.629081e-01	3.777245e-02	1.175738e-01	-1.240869e-01	-1.501825e-01	-3.130636e-01	1.643301e-01	2.758501e-01	1.393125e-01	-1.518303e-01	1.684650e-01	7.840370e-02	4.225555e-01	4.569994e-01	-4.971045e-02	7.629077e-02	-2.041288e-01	1.835788e-01	1.861831e-01	8.347756e-01	1.382767e-01	-6.892260e-01	-1.313573e-01	6.720388e-03	3.713863e-01	-4.699656e-02	2.594640e-01	-9.494276e-02	-2.509434e-01	-6.446405e-03	-5.579197e-02	1.759312e-02	-2.495849e-01	1.491821e-01	-1.571578e-01	3.989469e-01	4.084156e-01	-7.437309e-02	3.642641e-01	2.194410e-01	1.869549e-01	3.112530e-02	-1.768500e-02	-3.556915e-01	-9.754476e-02	-3.781913e-01	-8.044819e-01	8.232142e-02	-1.332495e-01	2.583326e-01	-1.504704e-01	-9.680915e-03	3.780849e-01	5.560511e-02	1.554092e-01	-7.347222e-01	3.583225e-01	-5.228617e-01	5.369010e-02	1.601142e-01	4.044526e-02	1.432505e-01	-1.484056e-01	1.736408e-01	-2.880760e-01	-2.238030e-01	6.190974e-02	-1.937999e-01	2.850010e-02	4.859214e-02	-2.238029e-01	3.426727e-01	-1.086959e-01	-4.698406e-01	-1.681360e-01	-1.916464e-01	-5.808464e-01	-1.279407e-01	3.184142e-01	-9.718487e-03	4.921114e-01	3.906366e-01	-4.128814e-01	1.588454e-01	-4.323358e-02	-6.131107e-01	-9.949619e-03	-3.213769e-01	6.004122e-01	1.550360e+00	-3.255900e-01	2.801563e-01	2.940879e-01	-3.835905e-01	-3.397259e-01	9.500057e-03	-4.199996e-01	1.169549e-01	1.557189e-01	2.066268e-01	-3.467629e-01	7.423882e-01	3.991215e-01	-1.571161e-01	-2.229474e-02	5.028328e-01	-2.096853e-01	-5.887444e-02	-3.910997e-01	-2.694225e-01	-3.458527e-01	4.881699e-01	1.023864e-01	8.611439e-02	1.877996e-01	8.569072e-02	4.771990e-01	-6.885381e-01	-1.192733e-01	-8.322717e-01	5.779823e-01	-3.972386e-01	4.372928e-01	-1.916705e-01	-1.327798e-01	-3.832808e-01	-4.765455e-01	1.305120e-01	-9.748977e-02	2.423682e-01	2.056452e-01	-4.107403e-02	4.474861e-01	-2.039420e-01	1.721591e-01	-1.882244e-01	3.020236e-01	-2.070563e-01	-3.476313e-01	1.186621e+00	-4.313798e-01	1.550491e-01	8.566877e-02	-2.101127e-01	-3.273464e-01	7.610613e-02	1.895663e-01	-6.708493e-01	3.116488e-01	-1.461690e-01	-2.740718e-01	3.266519e-01	-5.378222e-01	3.138649e-01	-3.197678e+01	-2.916994e-01	2.022424e-01	-2.599997e-01	1.028000e-01	-1.291435e-01	7.704578e-02	-1.237478e+00	4.156118e-01	1.290394e-01	-1.851085e-01	4.097691e-02	5.073026e-01	2.013045e-01	4.526792e-01	2.447376e-01	-6.625396e-02	-4.394196e-01	3.427507e-02	-4.741556e-03	-4.018728e-01	-9.483019e-02	-8.170003e-03	-5.023124e-01	1.801752e-01	-2.810360e-01	2.588320e-01	-6.179767e-01	-2.994551e-01	2.783568e-01	-2.393506e-01	-1.371896e-01	-3.713052e-01	-2.176879e-01	8.103970e-02	5.292720e-02	7.018805e-02	6.954238e-01	-1.472577e-01	1.738306e-01	6.866134e-02	1.248314e-01	2.259972e-01	-3.740813e-01	5.430651e-01	6.869773e-02	3.281175e-01	-1.963009e-01	5.069162e-01	-7.885292e-01	1.077295e-01	1.013797e-01	1.861339e-01	1.122876e-01	-1.950450e-02	-3.709881e-02	-1.952781e-01	-2.926469e-01	2.817520e-01	2.853869e-01	3.793329e-02	-2.466680e-02	-3.996467e-01	-5.903636e-01	-5.151196e-01	-1.011091e-03	4.239689e-02	-3.572442e-02	-3.365085e-01	6.260642e-02	-2.865289e-01	2.854038e-02	-6.765020e-01	4.103124e-01	2.235239e-01	-3.620987e-02	3.996016e-01	-3.480689e-01	1.098158e-01	-7.523663e-01	1.880084e-01	1.159194e-01	3.045929e-01	-2.175426e-01	3.540730e-01	-1.014303e+00	-5.824089e-01	6.715590e-01	7.305159e-02	2.243112e-01	-3.473599e-01	4.103175e-01	-1.180601e-01	4.814714e-01	-3.027959e-02	6.173357e-01	-1.487920e-02	-8.062835e-01	-3.210725e-01	1.516403e-01	-3.908395e-01	-5.155055e-01	1.042334e-01	-1.890740e-01	5.000556e-01	-1.092482e-01	-4.435838e-01	2.585505e-01	-6.281253e-02	-1.403619e-01	-1.756410e-01	-6.043747e-01	2.514604e-01	-3.309573e-01	-5.909192e-01	3.049814e-01	-5.158732e-01	6.336548e-02	-3.395928e-01	3.756704e-01	-3.881538e-01	1.865896e-01	1.289608e-02	2.339810e-03	5.320308e-01	-3.114534e-01	-1.616215e-01	1.110775e-01	-3.024905e-01	-2.911891e-01	-4.856561e-01	1.309171e-01	-9.532725e-01	-4.509388e-02	-3.249912e-01	7.510668e-02	-4.642084e-01	-4.119778e-01	-1.818024e-01	5.242905e-02	-8.258702e-02	-5.669998e-02	7.099045e-02	2.545907e-01	-1.594055e-01	-4.455443e-01	-3.025582e-01	3.058327e-01	1.351949e-01	2.820931e-01	-3.418503e-01	5.720506e-01	-1.208206e-02	-3.259871e-01	6.168694e-02	-5.951189e-01	4.022396e-01	-1.282707e-01	4.342684e-01	2.192239e-01	6.944029e-02	2.780056e-02	7.097352e-01	7.939802e-03	2.799853e-01	-1.843497e-01	-7.595372e-01	3.640278e-01	1.584323e-01	-3.112046e-02	-1.955439e-01	-8.261420e-01	1.949272e-01	-4.956069e-03	1.489799e-02	1.189569e-01	-6.900195e-01	-1.252954e-01	3.363510e-01	2.699887e-01	1.003591e-01	2.801851e-01	2.379476e-01	1.106601e+00	-8.670545e-02	7.601889e-02	1.782432e-01	3.339341e-02	-5.144563e-02	-3.037897e-01	1.019655e-01	-2.574641e-01	-2.558967e-01	3.050580e-01	3.655488e-02	-1.661295e-01	-5.741111e-01	2.717209e-01	1.661908e-01	2.706296e-01	-1.467105e-01	-1.631234e-01	-4.186882e-01	6.716199e-02	4.540561e-01	3.821155e-01	-6.430769e-02	-1.776583e-01	-1.651410e-01	2.185895e-01	2.547391e-01	-4.170721e-01	-8.410798e-02	3.980922e-01	1.510620e-01	-6.142289e-01	-4.677277e-02	-1.755597e-01	2.631872e-01	-6.810128e-01	1.604006e-01	-7.349311e-02	3.132941e-01	1.585870e-01	5.482957e-01	2.128611e-01	-5.329766e-01	7.972982e-02	-2.153865e-01	7.047492e-02	4.021429e-01	-2.915474e-01	8.467095e-02	-3.996307e-01	4.818822e-01	1.174134e-01	-6.302270e-02	-3.617890e-01	-1.417377e-01	1.389687e-02	-4.536784e-01	3.053656e-02	5.544848e-01	2.578669e-01	-2.577428e-01	1.182053e-01	-4.931971e-01	-1.226112e-01	1.541038e-02	-1.748233e-01	-4.746583e-02	7.699677e-02	3.348834e-01	-2.957441e-02	-2.558101e-01	-1.546089e-01	-7.543369e-02	-1.241222e-01	-9.373234e-02	1.865488e-01	3.623757e-01	6.143055e-01	1.980641e-01	6.023207e-01	1.242792e-01	-2.166031e-01	-3.424941e-02	8.824104e-02	4.286905e-01	-2.406417e-01	2.639224e-01	9.006567e-02	4.624155e-01	2.272764e-01	1.537300e-01	-2.050627e-01	2.647851e-01	1.634109e-01	-1.232243e-01	-9.915740e-02	2.718548e-01	-1.909870e-01	-7.335671e-01	-1.392282e-01	-1.605991e-02	-3.003589e-01	1.214643e-01	-8.868041e-03	-3.168786e-01	1.177937e-01	-1.788182e-01	-5.816731e-02	-1.032644e-01	4.162997e-01	-2.306988e-01	-8.605729e-02	-5.197145e-01	4.036204e-01	-4.690392e-01	-1.614126e-01	-3.218447e-01	1.689713e-01	-3.797011e-01	-3.499688e-01	2.514466e-01	5.747060e-02	6.741009e-01	4.803267e-01	4.417237e-01	1.472664e-01	1.807197e-01	5.588568e-01	-4.404231e-01	3.074589e-01	-2.294049e-01	-1.609172e-01	1.995361e-01	-6.923982e-02	-2.963484e-01	-2.244870e-01	4.240071e-01	2.439012e-01	-2.406859e-01	-3.657050e-01	-5.210657e-01	-4.566794e-01	-9.921228e-02	-1.980620e-01	-2.376516e-01	-7.140797e-02	-5.700298e-02	3.893121e-01	-7.447129e-02	-3.410596e-01	2.818570e-01	9.680186e-02	1.097262e-02	-6.478145e-02	3.067695e-01	-4.836546e-01	-2.444283e-02	-1.409022e-02	1.970502e-01	-1.818429e-01	4.391358e-01	-2.505831e-01	2.284319e-01	-1.730553e-01	-2.865975e-01	-7.645203e-02	5.056145e-01	-7.735930e-02	5.272932e-02	-1.756520e-01	-1.233768e-01	-3.493964e-01	2.604825e-02	4.807014e-01	2.260893e-01	-4.277448e-01	7.040546e-02	-8.471452e-02	3.026026e-02	1.238988e-01	1.449398e-02	3.189157e-02	-6.415828e-01	-4.689605e-01	-2.475953e-01	-3.583930e-02	-3.616660e-01	3.234574e-01	7.151051e-01	-3.896565e-01	1.662949e-01	-2.387245e-01	7.719505e-02	-3.837163e-01	5.179897e-02	1.032443e-01	-3.421729e-01	-3.197260e-01	-1.770054e-01	-3.159970e-01	-2.435014e-01	1.795394e-01	-3.734117e-02	6.085798e-01	-2.802460e-01	-2.925638e-02	-2.210542e-01	-2.102546e-02	4.068033e-01	1.819115e-01	-8.855242e-02	4.806463e-01	1.171456e-01	5.606279e-01	-2.727806e-01	-8.301969e-01	3.009925e-01	-3.878090e-02	-8.977170e-03	-2.606161e-02	4.631025e-01	-1.601559e-01	1.446968e-01	-8.322675e-03	-6.554546e-02	-3.085290e-01	7.950746e-01	-3.287902e-01	3.223445e-01	1.535195e-01	-4.325787e-02	3.794595e-01	-3.750497e-01	-3.352117e-01	-2.222715e-02	-5.381345e-02	1.524684e-01	-8.557903e-03	2.354694e-02	-1.601313e-01	-2.316102e-01	-2.837442e-01	-6.258842e-01	1.257823e-01	1.068739e-01	3.804262e-01	-2.513770e-01	4.771427e-01	2.108351e-01	-6.737536e-01	1.563165e-01	5.003746e-02	1.779748e-01	-4.005084e-01	-6.328980e-02	3.234668e-01	-1.653132e-01	3.930658e-01	-2.541485e-01	-2.626848e-01	-3.132288e-01	4.234410e-01	1.320007e-02	2.199380e-02	3.045784e-01	-3.192061e-01	3.373812e-02	-2.395286e-01	-2.857309e-01	-8.773784e-02	-2.436736e-01	-9.291829e-02	-1.617834e-01	-5.465488e-01	2.440854e-01	-3.342544e-01	-6.578158e-01	8.235772e-03	-4.878310e-02	-3.045486e-01	-4.021610e-01	-6.292155e-01	-2.517341e-01	-2.225423e-01	-9.661252e-01	-2.652273e-01	1.502575e-01	5.879263e-01	-3.109952e-02	5.685730e-01	2.457241e-01	3.862978e-02	8.144136e-02	-3.735415e-01	-5.819635e-01	-1.753918e-01	-1.060423e-01	-7.178189e-02	1.501680e-01	-5.210602e-02	3.990566e-02	1.746431e-01	-2.020797e-01	-8.297638e-02	3.543588e-01	2.407552e-01	-3.031626e-01	-4.344964e-01	-7.828909e-02	-5.471726e-02	-5.762007e-01	2.644703e-01	1.165511e-01	-3.590884e-01	5.737462e-02	-3.956378e-01	-4.796783e-02	-5.349442e-02	-6.302576e-02	1.818600e-01	2.119778e+00	-4.084420e-01	-6.546865e-02	-4.113602e-01	2.300215e-01	3.133638e-01	-6.169052e-02	-3.203042e-01	1.456557e-02	1.151528e-02	-1.873865e-01	-1.520918e-01	1.165714e-01	-6.658106e-01	-1.138861e-01	2.945991e-01	5.750516e-02	1.606687e-01	1.372814e-01	-2.358599e-01	4.673287e-02	1.635068e-01	-3.576339e-01	-2.839748e-01	2.095780e-01	-5.767943e-01	5.548636e-01	1.357852e-01	-3.219018e-01	-7.163924e-01	-4.660334e-01	-2.199251e-01	-6.427043e-01	-6.514317e-01	2.527909e-01	3.536243e-01	-1.470829e-01	-2.489058e-02	-2.067509e-01	5.033583e-03	1.933917e-01	1.918668e-02	3.809572e-01	-3.063888e-01	-8.967374e-02	3.766589e-02	1.644532e-02	2.854192e-02	9.129714e-04	-3.921172e-01	-1.648890e-01	1.892846e-02	-4.737946e-01	3.888183e-01	8.821831e-02	2.260474e-02	6.023666e-02	-3.246464e-01	3.628556e-01	-2.963955e-01	4.214037e-01	-2.584409e-01	-1.923132e-01	1.218775e-01	-4.559592e-01	-2.509218e-01	-1.870290e-01	3.298821e-01	4.544658e-01	-2.459624e-01	1.974909e-01	1.626101e-01	-2.972846e-02	-3.865140e-01	-4.372045e-01	-1.673234e-01	-1.725842e-01	-4.107621e-01	2.158111e-01	-2.227488e-01	3.281240e-01	8.517536e-02	-3.244737e-01	-4.484122e-01	1.854119e-01	-6.870108e-02	-1.956380e-01	5.880263e-01	-1.634859e-01	8.560280e-01	7.606024e-03	3.502318e-01	-1.065410e-01	-2.282830e-01	-5.715562e-01	-1.038741e-01	-3.390849e-02	3.789784e-02	-7.516959e-02	-1.099796e+00	-6.477973e-01	3.768263e-01	3.503259e-01	4.596708e-01	-1.269970e-01	3.520601e-01	-3.003794e-01	-1.451251e-01	-5.773688e-02	4.931741e-01	-2.227052e-01	9.469982e-02	-1.601756e-01	-1.548009e-01	-8.702363e-02	-3.106284e-01	1.660484e-01	1.617712e-01	5.341176e-02	-1.860519e-01	1.552953e-01	1.738491e-01	2.211927e-01	5.420172e-01	-2.091442e-01	-1.967038e-01	-1.661042e-03	1.708665e-01	2.056224e-01	7.488518e-01	-4.648761e-03	-4.048260e-01	-3.046328e-01	-7.735889e-03	2.420621e-01	2.525012e-02	1.058906e-01	-9.942295e-02	-1.038562e-01	-1.112564e-01	3.474350e-03	-6.737031e-02	-1.845091e-01	8.443029e-03	-1.400074e-01	3.617229e-01	3.277022e-01	-1.382750e-01	3.086891e-01	1.482824e-01	2.392559e-01	1.425884e-01	7.126693e-03	-4.088578e-01	6.090381e-02	-4.316232e-01	-4.653453e-01	-9.967509e-03	-1.903344e-01	3.209384e-01	-3.130142e-01	-1.476340e-01	3.656952e-01	-2.058486e-01	-7.624463e-02	-7.615730e-01	3.013924e-01	-4.029612e-01	1.599130e-01	3.545026e-02	1.935766e-01	2.034916e-01	-3.306621e-02	1.629289e-01	-1.846755e-01	-8.316176e-03	-1.043744e-01	-1.274766e-01	-6.701495e-02	1.861037e-01	-1.325762e-01	1.971015e-01	-2.107292e-01	-3.569041e-01	-2.879427e-01	-1.679319e-01	-4.694844e-01	-6.437732e-02	8.774593e-02	6.095700e-02	4.264149e-01	3.988322e-01	-3.791625e-01	6.369846e-02	-2.546971e-01	-4.152893e-01	2.889296e-02	-1.939498e-01	6.053026e-01	1.713635e+00	-1.809636e-01	3.800124e-01	2.418060e-01	-3.394289e-01	-3.899480e-01	5.134856e-02	-5.703276e-01	3.073883e-02	4.413737e-02	1.787205e-01	-4.600106e-01	9.092920e-01	3.926948e-01	-1.360210e-01	-7.318842e-02	4.482189e-01	-2.156667e-01	-2.042498e-01	-2.254491e-01	-1.177090e-01	-2.731574e-01	4.655265e-01	2.887945e-02	6.582149e-02	1.783572e-01	-7.241040e-02	3.954908e-01	-5.856089e-01	-1.330921e-01	-7.684886e-01	5.760740e-01	-5.800424e-01	-5.281075e-01	-1.423057e-02	-6.992667e-02	-3.256414e-01	-4.764136e-01	3.313971e-01	-2.626733e-02	1.570569e-01	1.378812e-01	1.246443e-02	2.654368e-01	-1.663826e-01	1.117870e-01	-2.711719e-01	3.507761e-01	-9.020142e-02	-1.592656e-01	1.109074e+00	-4.594950e-01	1.388661e-01	1.709343e-01	-1.403981e-01	-2.842962e-01	1.490594e-01	1.525009e-01	-6.279687e-01	1.888116e-01	-9.033471e-02	-2.493140e-02	2.739216e-01	-3.500413e-01	3.075830e-01	-2.478892e+01	-1.212758e-01	2.377299e-01	-1.584187e-01	1.778139e-01	-3.701504e-01	-1.186839e-01	-1.320591e+00	3.274621e-01	-9.407244e-02	-2.714100e-01	1.228393e-04	3.215387e-01	-1.203845e-01	3.555673e-01	1.578190e-01	-5.510830e-02	-3.916269e-01	-1.210861e-01	-8.300179e-02	-1.976052e-02	-2.163896e-01	1.542329e-01	-4.541310e-01	1.548991e-01	-3.322573e-01	4.473264e-01	-5.227287e-01	-3.657575e-01	4.593374e-01	-3.329636e-01	-7.290214e-02	-2.927464e-01	-1.993175e-01	-3.378448e-02	1.619326e-01	-1.253637e-01	5.407355e-01	-1.905023e-01	2.836847e-01	4.871086e-02	1.370398e-01	8.729700e-02	-2.267526e-01	4.250558e-01	9.131559e-02	2.540168e-01	-2.174691e-02	5.682080e-01	-8.420668e-01	2.038601e-01	1.729792e-01	9.735288e-02	3.360461e-01	-1.673578e-01	8.212088e-02	-2.723461e-01	-2.751181e-01	4.620811e-01	2.117189e-01	-1.338218e-01	-1.170119e-01	-3.199956e-01	-2.580525e-01	-4.131169e-01	7.661848e-03	-3.552657e-02	-4.162637e-03	-2.955297e-01	1.950482e-01	-4.112738e-02	-4.604444e-02	-5.969955e-01	2.274514e-01	2.094710e-02	9.727974e-02	3.014824e-01	-3.303430e-01	-6.376331e-02	-6.217500e-01	1.891369e-01	1.413966e-01	1.541739e-01	-2.871168e-01	2.035605e-01	-8.282658e-01	-7.397975e-01	6.215722e-01	1.561404e-01	2.310827e-01	-2.161978e-01	4.723544e-01	-7.824184e-02	4.555752e-01	-3.114258e-02	4.417654e-01	2.228584e-02	-6.315895e-01	-2.780905e-01	1.250380e-01	-3.310875e-01	-5.576727e-01	2.944495e-01	-1.681916e-01	4.421782e-01	-1.532975e-01	-2.745697e-01	1.981750e-01	-6.808658e-02	-1.557463e-01	-1.198463e-01	-4.417893e-01	2.537071e-01	-5.182945e-01	-7.100481e-01	1.954245e-01	-3.540498e-01	2.335558e-03	-3.442293e-01	1.937982e-01	-4.895617e-01	5.718315e-02	1.637813e-01	-1.532892e-01	2.738895e-01	-4.624328e-01	-2.739509e-01	6.171488e-02	-3.486616e-01	-1.187599e-01	-5.891622e-01	1.471915e-01	-7.957543e-01	-1.234607e-01	-3.131352e-01	-7.520434e-02	-4.191772e-01	-3.411656e-01	-1.967803e-01	-2.018431e-01	8.073532e-03	-1.825004e-02	-7.260057e-02	2.238444e-01	-1.900843e-01	-4.776446e-01	-1.005149e-01	3.729386e-01	2.813073e-01	3.025320e-01	-1.310791e-01	4.281052e-01	1.703789e-01	-3.074709e-01	2.223035e-01	-6.083441e-01	4.633869e-01	-8.642553e-02	2.663308e-01	2.361574e-01	4.172642e-02	4.927807e-03	6.327661e-01	9.840874e-02	3.644114e-01	2.683697e-03	-5.285134e-01	3.452033e-01	3.404814e-01	-1.410111e-01	-1.127756e-01	-5.697993e-01	3.052280e-01	-1.000178e-01	1.121596e-01	1.598914e-01	-4.742935e-01	4.607284e-02	3.444634e-01	3.074281e-01	-2.497884e-02	1.365763e-01	2.654550e-01	1.105266e+00	-1.071761e-01	2.404905e-01	2.234762e-01	5.122875e-02	-2.071610e-01	-1.298494e-01	7.312909e-02	-4.065340e-01	-2.983800e-01	3.680366e-01	-3.718010e-02	-1.693969e-01	1.115952e-01	9.214964e-02	2.565457e-01	3.367955e-01	-1.433888e-01	7.470565e-02	-3.330119e-01	1.008717e-01	4.090449e-01	4.537699e-01	-7.211363e-02	-2.331389e-01	-2.904513e-02	1.681992e-01	3.206124e-01	-4.401752e-01	-7.206479e-02	3.420529e-01	3.311346e-01	-6.291171e-01	8.906526e-02	-7.449578e-02	3.438113e-01	-6.371806e-01	2.680865e-01	-1.702038e-01	-4.391461e-03	2.979932e-01	6.381322e-01	2.633203e-01	-3.204815e-01	2.114583e-01	-1.059439e-01	1.238234e-01	3.449335e-01	-3.059294e-01	2.277655e-01	-2.122850e-01	5.748360e-01	6.130806e-02	-3.429258e-02	-9.900156e-02	-4.825560e-02	-4.947461e-02	-3.954568e-01	-2.428771e-02	4.085157e-01	4.042090e-01	-2.195236e-01	1.356402e-01	-5.245397e-01	-2.379416e-01	5.221472e-02	-1.374445e-01	1.894252e-01	-9.979777e-02	4.534895e-01	1.287660e-03	-1.982493e-01	-3.647581e-01	-2.458734e-01	-4.761903e-02	5.229422e-02	1.143059e-01	4.489229e-01	5.996131e-01	1.389697e-01	3.814045e-01	2.802113e-01	3.428020e-02	1.490987e-01	-2.396869e-02	3.488888e-01	-1.761695e-02	3.795302e-01	-3.491210e-02	2.874048e-01	7.841213e-02	1.007389e-01	-3.311624e-01	3.662448e-01	2.476251e-01	-2.350867e-01	-7.060431e-02	1.376645e-01	-2.097394e-01	-4.664611e-01	9.786014e-02	-1.705921e-01	-3.328530e-01	3.134666e-01	-6.248279e-02	-4.521762e-01	3.180757e-01	-3.472646e-02	-1.737740e-01	-2.367512e-01	5.513684e-01	-1.105368e-01	-2.041911e-01	-2.465367e-01	5.858691e-01	-1.617855e-01	-2.692657e-02	-4.054193e-01	2.551463e-01	-8.036387e-02	-3.861447e-01	6.488142e-02	2.306336e-01	5.820745e-01	4.429284e-01	4.577830e-01	-6.358298e-02	1.638029e-01	5.611734e-01	-6.052319e-01	2.616990e-01	-2.760532e-01	-1.609155e-01	1.192715e-01	6.096623e-02	-2.841171e-01	-1.869746e-01	3.090944e-01	2.559077e-01	-2.977739e-01	-2.606565e-01	-5.678784e-01	-4.416185e-01	4.690620e-03	-2.729171e-01	-1.635956e-01	-1.769541e-02	2.555330e-02	3.390215e-01	-6.509595e-02	-2.525974e-01	2.631768e-01	2.051167e-01	1.114005e-01	-1.693324e-01	2.477362e-01	-3.625346e-01	-7.405075e-02	5.599393e-02	6.177263e-02	-8.125480e-02	4.043897e-01	-2.088705e-01	2.636444e-01	-1.420657e-02	-3.063792e-01	-9.061576e-02	5.031394e-01	-4.193452e-02	-1.621613e-04	-6.797391e-02	5.520523e-02	-1.919474e-01	2.131092e-01	4.736775e-01	1.325456e-01	-4.777613e-01	8.384344e-02	-3.868958e-02	-1.871753e-02	-1.078304e-02	-3.726010e-02	1.773770e-01	-5.106008e-01	-5.981967e-01	-1.981422e-02	-1.778361e-01	-4.698212e-01	9.766856e-02	7.973957e-01	-4.037090e-01	1.299151e-01	-1.809130e-01	9.545835e-03	-3.310286e-01	-1.333246e-01	1.768073e-01	-3.658465e-01	-1.478003e-01	-2.158119e-01	-4.894134e-01	3.629904e-03	2.796746e-01	2.152459e-01	5.728848e-01	-1.936368e-01	7.266650e-02	-2.614003e-01	1.942600e-01	3.286071e-01	1.591134e-02	-5.054843e-02	3.602087e-01	1.495761e-01	5.183231e-01	-3.002573e-01	-7.855008e-01	2.958734e-01	-3.051892e-02	6.306380e-02	4.531595e-02	4.206092e-01	-8.281779e-02	1.558079e-01	2.768452e-02	2.436960e-02	-2.013224e-01	6.900140e-01	-2.032575e-01	3.589641e-01	1.902536e-01	-8.745097e-02	5.620617e-01	-2.446492e-01	-2.638230e-01	3.184818e-02	-6.864258e-02	5.745730e-02	-1.171375e-02	1.540003e-01	-2.778042e-01	-1.778417e-01	-3.074604e-01	-5.993477e-01	1.861401e-01	-2.597535e-02	3.785215e-01	-2.781757e-01	5.082598e-01	8.818118e-02	-4.073384e-01	2.133385e-01	7.522137e-02	2.869348e-01	-3.049199e-01	-1.789582e-01	5.340844e-01	-1.938778e-01	1.005145e-01	-3.154316e-01	-2.210863e-01	-1.806973e-01	5.453021e-01	2.182474e-02	1.182774e-02	1.723619e-01	-2.428313e-01	-5.286266e-02	-1.802455e-02	-2.653642e-01	-5.243719e-02	-1.683531e-01	-1.719259e-01	-1.949232e-01	-6.566477e-01	4.622259e-01	-4.322158e-01	-5.025581e-01	3.662041e-03	-2.339216e-01	-2.846530e-01	-4.247577e-01	-5.183752e-01	-2.910618e-01	-1.313481e-01	-8.029189e-01	-3.556438e-01	1.804422e-01	5.250554e-01	-8.586127e-02	5.525030e-01	2.076947e-01	-4.500920e-02	2.653306e-01	-2.185079e-01	-4.910826e-01	-3.811742e-02	6.458087e-02	1.299278e-01	1.932288e-01	2.050575e-01	4.513238e-02	3.181074e-01	-1.199055e-01	-1.994318e-02	3.840251e-01	2.246987e-01	-1.311441e-01	-3.065117e-01	-6.853280e-03	-1.665277e-01	-5.166861e-01	5.206659e-01	2.408355e-01	-1.163461e-01	-8.376412e-02	-6.336979e-01	1.488463e-02	5.246355e-02	3.180045e-02	3.126226e-01	2.692680e+00	-2.383275e-01	-3.156259e-02	-2.033785e-01	2.558144e-01	2.359099e-01	-1.668829e-01	-4.037290e-01	9.664205e-02	6.124675e-02	-2.896198e-01	-2.998988e-01	1.045107e-01	-5.447329e-01	-1.157633e-01	1.681689e-01	2.631410e-01	1.553207e-01	6.615588e-02	-8.942698e-03	-8.959025e-03	-5.223692e-02	-5.390744e-01	-2.141154e-01	2.071596e-01	-3.999127e-01	2.131777e-01	1.445318e-01	-2.647699e-01	-4.604841e-01	-2.455911e-01	-1.458561e-01	-6.111817e-01	-5.498689e-01	9.792150e-02	3.311525e-01	-2.370003e-01	6.587733e-02	-3.907300e-02	-2.052037e-01	1.004097e-01	2.204930e-01	3.239214e-01	-8.683391e-02	-1.437289e-02	-7.976727e-02	-3.059090e-01	4.621547e-02	2.860578e-03	-6.133053e-01	-2.018483e-01	1.471866e-01	-4.963075e-01	5.261035e-01	-3.060816e-02	-2.492473e-02	2.218702e-01	-3.592813e-01	2.666267e-01	-3.810588e-01	3.997695e-01	-2.797886e-01	-3.551788e-01	-5.059689e-02	-2.006508e-01	-2.018549e-01	-3.241270e-01	2.473491e-01	4.983763e-01	-2.923825e-01	7.458264e-02	-1.116493e-01	-5.797139e-02	-4.896954e-01	-4.532150e-01	-1.242677e-02	-1.274115e-01	-3.913576e-01	1.775014e-01	-5.949574e-02	2.801586e-01	2.132470e-01	-3.337345e-01	-5.859939e-01	1.991491e-01	-6.901066e-03	-2.261154e-01	5.255294e-01	3.482679e-02	1.016578e+00	-3.214821e-02	3.931123e-01	-1.000397e-01	-3.131685e-01	-5.163171e-01	-2.456872e-01	-3.464853e-02	-1.016849e-01	-1.869677e-01	-5.617551e-01	-5.962702e-01	2.284300e-01	1.134051e-01	5.125579e-01	1.147099e-01	2.519912e-01	-1.592438e-01	-1.830212e-01	-3.003253e-02	2.968537e-01	-2.396069e-02	9.442769e-02	-4.211904e-01	-2.187547e-01	-1.730292e-01	-2.618515e-01	2.672693e-01	2.388034e-01	1.901276e-01	-2.264567e-01	-1.113112e-01	2.790935e-02	2.297022e-01	6.724125e-01	-6.486894e-02	-3.364498e-01	-7.814582e-03	1.361595e-01	3.280310e-01	3.579327e-01	5.753336e-03	-3.206450e-01	7.478275e-03	-4.709912e-04	2.177816e-01	2.163057e-01	1.499904e-01	-1.848294e-01	1.123492e-01	-7.446507e-02	-4.733971e-02	-4.316195e-02	-9.325700e-02	1.157227e-01	-2.436067e-01	4.131107e-01	4.270234e-01	-2.530445e-01	3.013855e-01	5.675488e-02	7.061868e-02	1.212140e-01	2.018566e-01	-4.020072e-01	7.840814e-02	-3.401980e-01	-2.937165e-01	-1.031445e-01	-1.720034e-01	1.708496e-01	-1.569850e-01	-1.747990e-01	3.327064e-01	-2.012068e-01	-1.494364e-01	-8.675153e-01	5.114017e-01	-2.131575e-01	4.640936e-02	2.459268e-02	2.521299e-01	3.077383e-01	1.366790e-02	1.581239e-01	-2.043056e-01	-1.454331e-02	-4.709623e-02	1.203635e-02	-1.144694e-01	2.746273e-01	-1.723186e-01	-7.575759e-02	-1.848392e-01	-2.201073e-01	-1.626072e-01	-1.006073e-01	-5.985234e-01	-1.728231e-02	2.746962e-01	-8.027271e-02	3.809038e-01	2.120974e-01	-2.432472e-01	-9.795938e-03	-3.329306e-01	-1.676840e-01	1.934067e-02	-2.862061e-01	3.654799e-01	1.626936e+00	-2.405019e-01	5.828391e-01	3.021409e-01	-2.956342e-01	-2.340939e-01	1.760021e-01	-5.949504e-01	6.044674e-02	1.268338e-01	5.851769e-02	-4.583799e-01	8.574373e-01	1.684538e-01	-1.934477e-01	-9.331441e-02	3.915608e-01	-6.353028e-02	-3.531269e-01	-1.430540e-01	-9.312499e-02	-2.099930e-01	6.195404e-01	9.201141e-02	2.056739e-03	1.356832e-02	9.772047e-02	2.297911e-01	-4.610941e-01	2.229522e-01	-5.573972e-01	3.688595e-01	-5.513931e-01	-5.745324e+00	1.305400e-01	-1.217722e-01	-9.635700e-02	-3.687212e-01	3.152570e-01	-1.836678e-01	4.629480e-02	2.556390e-01	2.267705e-02	1.898372e-01	-4.699196e-02	1.064974e-01	-3.020485e-01	2.494207e-01	-1.675022e-02	-2.328840e-01	9.992652e-01	-4.568821e-01	1.140661e-01	1.679600e-01	1.936672e-01	-3.817915e-01	1.603042e-01	3.242598e-01	-6.495726e-01	1.335727e-01	-2.607827e-02	-1.881105e-01	1.666468e-01	-2.527197e-01	1.009954e-01	-1.853215e+01	9.811399e-02	3.035530e-01	-1.646993e-01	2.240229e-01	-4.052869e-01	-1.153620e-01	-5.328736e-01	2.604473e-01	-3.281872e-01	-2.349036e-01	1.924333e-01	2.554697e-01	-1.626487e-01	4.116989e-01	3.396581e-03	-1.444404e-01	-3.541551e-01	-3.502002e-01	-1.179122e-01	3.202324e-01	-1.485528e-01	2.269396e-02	-3.695779e-01	-5.440228e-02	-2.833594e-01	3.385207e-01	-4.399320e-01	-5.652326e-01	6.724147e-01	-2.982049e-01	-6.072636e-02	-2.163766e-01	-3.406717e-01	-1.470906e-01	3.568274e-01	-2.773771e-01	2.415749e-01	-2.330160e-01	2.246948e-01	-1.070499e-02	2.355988e-01	2.548152e-02	-3.424127e-01	2.568703e-01	2.153145e-01	1.516202e-01	4.759348e-03	5.578313e-01	-8.432170e-01	6.757145e-02	3.740971e-01	1.254607e-01	3.597719e-01	-2.387175e-02	-1.009057e-01	-2.732604e-01	-2.163469e-01	4.341184e-01	1.101400e-03	-1.747308e-01	-6.101055e-02	-4.181960e-01	-1.217865e-01	-4.908809e-01	3.055361e-02	1.223016e-01	-5.219849e-03	-2.471654e-01	2.184132e-01	2.029022e-01	1.012418e-01	-4.775981e-01	8.959390e-02	-1.286764e-01	1.567549e-01	1.779277e-01	-2.609823e-01	-2.598593e-03	-3.991406e-01	1.231532e-01	1.889077e-01	1.096469e-01	-1.190160e-01	1.385179e-01	-8.572820e-01	-8.621478e-01	6.070669e-01	7.135434e-02	1.953523e-01	-2.808834e-01	3.945929e-01	-3.908787e-02	4.904940e-01	-2.045204e-01	2.431363e-01	-1.093493e-01	-6.119636e-01	-2.233104e-01	2.344529e-01	-1.696004e-01	-3.311894e-01	4.160848e-01	-1.675934e-01	4.504626e-01	-2.970159e-01	-7.842070e-02	1.691367e-01	-3.009349e-02	-9.131330e-02	-2.125899e-06	-5.010426e-01	1.687791e-01	-3.349549e-01	-6.223848e-01	-2.471637e-01	-3.321272e-01	-1.699194e-02	-3.334803e-01	2.701496e-01	-4.809040e-01	-1.441222e-02	1.541676e-01	-1.779271e-01	2.084517e-01	-5.966207e-01	-2.490213e-01	1.677883e-02	-2.858261e-01	-1.455683e-01	-7.317216e-01	7.151389e-02	-7.848443e-01	6.133623e-02	-8.863998e-02	-1.203917e-02	-9.666628e-02	-3.452957e-01	-3.025890e-01	-2.709023e-01	6.846837e-02	-1.056920e-01	1.335338e-01	9.882182e-02	-3.318268e-01	-5.020766e-01	-1.778870e-02	2.670377e-01	3.260583e-01	3.274456e-01	-2.126464e-01	2.087890e-01	1.817290e-01	-3.147000e-01	2.378985e-01	-6.973535e-01	5.584612e-01	1.253012e-01	9.136601e-02	-3.114832e-02	-1.017786e-01	-1.886697e-01	4.879693e-01	-1.243927e-01	3.013768e-01	7.800250e-03	-6.981610e-02	3.663538e-01	1.588620e-01	-3.702157e-02	6.896225e-02	-4.279699e-01	4.601124e-01	-9.053285e-02	1.893112e-01	1.719483e-01	-4.643813e-01	2.480582e-02	2.859316e-01	1.554096e-01	-1.601314e-01	-2.025391e-01	-2.968107e-02	8.354355e-01	3.059890e-02	2.866203e-01	2.426217e-01	-1.772258e-02	-6.004931e-01	-3.079161e-01	1.036063e-01	-5.315254e-01	-2.941747e-01	3.387619e-01	-1.976657e-01	-3.223099e-01	5.474069e-01	1.460530e-01	5.461236e-02	3.079374e-01	-3.390546e-01	2.782646e-01	-2.535152e-01	-1.800002e-02	3.034097e-01	5.300162e-01	-2.073719e-02	-2.640689e-01	7.932543e-03	2.640277e-01	6.849218e-02	-2.999187e-01	5.998462e-02	9.185934e-02	3.281797e-01	-3.522281e-01	-4.304726e-02	-1.771293e-01	3.280258e-01	-2.717437e-01	2.545222e-01	-4.633019e-01	-2.452610e-01	4.185343e-01	8.338786e-01	3.128657e-01	-3.136368e-01	1.051848e-01	-4.285768e-02	-1.651480e-02	2.317355e-01	-9.320310e-02	3.332162e-01	-2.475522e-01	4.793431e-01	-6.967143e-02	1.723177e-01	-2.218062e-01	7.073612e-02	-1.375896e-01	-2.963862e-01	-3.710796e-02	2.983348e-01	4.442022e-01	-3.129352e-01	1.238614e-01	-6.987826e-01	-1.599100e-01	5.428255e-03	6.417383e-02	4.635069e-01	-4.789582e-02	3.586673e-01	1.126898e-01	-2.252342e-01	-2.659286e-01	-1.513714e-01	2.201929e-02	1.497580e-01	4.017343e-02	2.811487e-01	4.916592e-01	2.663948e-02	2.372395e-01	7.620936e-02	-1.690796e-02	3.431351e-01	-1.789488e-01	5.676385e-01	-5.635790e-02	3.582041e-01	-6.228005e-02	2.503304e-01	-1.385005e-01	1.618888e-01	-3.438703e-01	5.824161e-01	3.302681e-01	-3.478403e-01	-7.730875e-02	2.466346e-01	-2.607831e-01	-2.596808e-01	-5.608511e-03	-1.905480e-01	-2.541382e-01	5.774217e-01	1.219528e-02	-3.759095e-01	5.370390e-01	1.182055e-01	-2.059425e-01	-7.334178e-02	3.524043e-01	7.545274e-05	-1.482907e-01	5.028575e-02	6.394998e-01	-9.480710e-02	1.123680e-01	-4.652661e-01	3.075281e-01	2.501259e-01	-2.772073e-01	-6.929513e-03	2.413993e-01	3.963194e-01	2.088045e-01	4.342330e-01	-1.956510e-01	2.227533e-01	7.541841e-01	-5.766250e-01	1.528776e-01	-4.135730e-01	-2.946242e-01	1.885098e-01	9.189788e-02	-3.887168e-01	-2.903362e-01	1.958289e-01	1.466267e-01	-2.851671e-02	-9.991758e-02	-4.293946e-01	-5.789880e-01	-6.870027e-02	-3.344575e-01	-3.039249e-01	1.097499e-01	-1.131275e-01	3.338493e-01	1.612570e-01	-7.810317e-02	1.908451e-01	1.037883e-01	1.690650e-01	-1.196669e-01	3.716178e-01	-4.010848e-01	6.724981e-02	-1.214186e-01	8.723588e-02	1.751342e-01	2.824125e-01	-1.655726e-01	4.977370e-01	7.079829e-02	-4.373114e-01	-2.504180e-01	4.450252e-01	-1.714424e-01	-2.879529e-02	-1.564353e-03	7.959393e-02	-3.927695e-01	4.942495e-01	4.803033e-01	-2.425421e-02	-1.649735e-01	-7.360987e-03	1.556406e-01	-1.850437e-01	-1.927043e-01	2.603553e-02	2.313020e-01	-3.415377e-01	-5.522458e-01	-5.322865e-02	-9.588750e-02	-4.314924e-01	-3.906820e-02	8.024641e-01	-2.134661e-01	1.134356e-01	-1.923061e-01	9.077830e-02	-3.061104e-01	-1.547696e-01	5.389252e-02	-2.865655e-01	-1.480129e-01	-1.641082e-01	-4.615573e-01	1.106391e-01	8.623987e-02	5.216259e-01	4.514636e-01	-2.038813e-01	3.127301e-02	-2.219255e-01	1.816035e-01	2.530178e-01	-6.308886e-02	-3.056480e-02	2.849313e-01	1.022143e-01	4.273982e-01	-3.081542e-01	-6.309104e-01	2.362559e-01	1.169394e-01	2.686129e-01	-4.298364e-02	2.849785e-01	-1.243355e-01	2.777489e-01	-2.772621e-02	1.135409e-01	-1.449364e-02	4.844538e-01	-1.891287e-01	1.115701e-02	1.457549e-01	1.248452e-02	4.117100e-01	-5.551045e-02	-1.611826e-01	-5.881052e-04	1.048505e-01	-2.545228e-02	-5.573821e-03	1.039238e-01	-2.946086e-01	-1.530325e-01	-4.114717e-01	-5.715262e-01	3.309057e-01	-7.013206e-03	2.355523e-01	-1.268141e-01	4.615516e-01	-7.144534e-03	-2.578911e-01	3.367076e-01	2.030066e-01	4.960452e-01	-3.456490e-01	-4.035173e-01	4.323929e-01	-2.834620e-01	5.739396e-02	-2.816536e-01	-7.623195e-02	-1.227280e-01	6.144843e-01	-5.689854e-03	-9.859937e-02	2.737981e-01	-3.044296e-01	-4.341764e-02	-5.846247e-02	-2.754855e-01	-7.943988e-02	-1.579580e-02	-2.421822e-01	-2.875910e-01	-7.140528e-01	3.559351e-01	-3.784058e-01	-3.686535e-01	-1.272677e-01	-1.729647e-02	-8.112975e-02	-4.371517e-01	-4.119391e-01	-1.705917e-01	5.859283e-02	-7.367644e-01	-1.239890e-01	1.194013e-01	5.245221e-01	1.273141e-02	3.753799e-01	2.820890e-01	-1.274867e-01	1.077524e-01	-1.042856e-01	-1.569791e-02	-2.954612e-02	1.423369e-01	2.349029e-01	2.501787e-01	1.817390e-01	8.747842e-02	2.724318e-01	-1.554538e-02	-6.138242e-02	2.397587e-01	1.762866e-01	-1.687462e-01	8.778720e-02	-1.850206e-01	-1.207982e-01	-3.691895e-01	6.068675e-01	1.283881e-01	-2.222965e-02	-1.962490e-01	-5.988032e-01	-1.319387e-01	1.831838e-01	6.663407e-02	3.470161e-01	2.764042e+00	-1.800406e-01	1.699398e-02	-3.070103e-01	1.483644e-01	2.720630e-01	-2.220628e-01	-3.450877e-01	1.007806e-01	1.485775e-01	-3.544845e-01	-3.844544e-01	8.034612e-02	-2.584340e-01	-1.316476e-01	7.874103e-02	2.483514e-01	8.997147e-02	1.002871e-01	2.294441e-01	4.743368e-02	1.272179e-01	-3.425210e-01	-3.346021e-01	6.771312e-02	-2.102302e-01	2.201937e-01	2.251517e-01	-9.689279e-02	-3.771248e-01	-2.057341e-01	-4.371178e-02	-6.245792e-01	-4.974472e-01	2.429200e-01	1.261906e-01	-9.129728e-02	
-1.714847e-01	-2.925589e-01	4.556776e-01	9.909310e-02	3.107893e-01	2.575203e-01	-3.409634e-01	1.328872e-01	-2.173592e-01	3.002698e-01	1.654925e-01	2.273820e-01	1.292652e-01	4.276412e-03	9.992018e-02	-3.691691e-01	9.544470e-01	-5.648049e-01	-5.457414e-02	-9.152573e-03	-2.197814e-01	2.404985e-02	1.111174e-01	6.722348e-03	-1.662460e-01	6.677353e-01	-3.351788e-01	-8.736697e-02	-3.662584e-01	-6.060036e-01	1.346287e-01	3.451650e-01	-2.720809e-01	3.617961e-01	-1.059479e-01	-3.110326e-02	-1.918714e-01	1.905053e-02	2.264120e-01	-4.570873e-01	-2.592587e-01	1.408507e-01	-2.654490e-01	1.651428e-01	1.217632e-01	-6.572468e-01	1.579042e-01	-7.676586e-02	-2.265635e-02	6.925227e-01	-1.216973e-01	8.270998e-02	1.349703e-02	4.947475e-01	2.186419e-01	1.352969e-01	1.201847e-01	-1.364755e-01	-1.392828e-01	-1.721671e-01	1.294042e-01	1.986923e-01	-2.239047e-01	-8.720926e-02	1.068384e-01	1.935661e-01	-2.033123e-01	7.989847e-03	3.121234e-01	4.386318e-01	-3.987955e-01	-9.611849e-02	4.503435e-01	-1.613139e-01	-1.346756e-01	9.275517e-01	-4.317859e-02	-1.559148e-01	-1.105358e+00	-3.986218e-01	5.246440e-01	4.009176e-01	8.951396e-02	3.158401e-01	1.556826e-02	4.246685e-01	4.496808e-01	4.455069e-02	5.240077e-01	-6.383357e-01	-1.137839e-01	-8.348459e-02	1.010337e+00	3.160526e-01	-2.889989e-01	5.554910e-01	1.927368e-01	4.304029e-01	1.165954e-01	8.665844e-02	-3.904777e-01	-1.499480e-01	6.817683e-01	-5.486309e-02	5.243509e-01	-3.775896e-01	-4.825711e-02	5.869712e-02	2.569128e-01	5.011626e-01	-1.917590e-03	1.394446e-01	3.494819e-01	-3.389433e-01	3.618843e-01	-3.041454e-01	-2.202834e-01	4.377947e-01	4.226635e-01	-4.894026e-01	9.701217e-02	1.686547e-01	-4.026154e-02	3.030511e-01	7.192143e-02	-1.550231e-02	3.473762e-02	1.413599e-01	-9.494508e-02	1.621766e-01	-1.480853e-01	8.927666e-02	2.489097e-01	4.131086e-02	4.395302e-01	-2.869529e-01	3.083045e-01	-4.498119e-01	-2.193660e-01	7.877343e-01	7.892877e-02	2.298902e-01	-4.500840e-01	-1.779957e-01	-2.574336e-01	7.144132e-02	-3.926640e-01	2.887720e-01	-3.832325e-01	-9.769326e-02	-1.743044e-01	3.990264e-01	5.799200e-01	8.502293e-02	6.866593e-02	3.616598e-02	5.685306e-01	1.069859e-01	-2.493470e-01	2.745086e-01	-2.795886e-01	4.047304e-01	-3.960435e-01	3.535892e-01	8.278498e-02	-2.262009e-01	1.033683e-01	-3.949155e-01	-2.913760e-01	3.091002e-01	-8.573425e-02	4.258097e-02	-1.963600e-01	1.059884e-01	4.200113e-01	4.388759e-01	1.791802e-01	2.545792e-01	-3.126523e-01	-5.026244e-01	-7.998753e-01	1.517591e-01	-1.129539e-01	-7.719023e-02	-2.279683e-02	2.505224e-01	2.326954e-01	-8.492732e-03	1.152221e-01	3.859924e-01	-4.413470e-01	-2.240160e-01	-4.575360e-01	5.478136e-01	-5.940033e-02	6.533175e-01	-2.849491e-01	2.151427e-01	5.492170e-02	-6.034924e-02	-4.052086e-01	1.200788e-02	1.660775e-01	2.282861e-01	-2.352602e-01	5.209123e-01	-1.052273e-01	-9.363879e-02	5.869191e-04	8.661510e-01	-3.080335e-01	-1.128221e-01	5.002746e-01	1.194196e-01	3.546492e-01	2.537246e-01	3.770020e-03	-1.415915e-01	7.478680e-02	1.160179e-01	2.419355e-02	-1.918885e-01	-2.294299e-01	-2.603915e-01	-2.423808e-01	-2.414418e-01	1.008138e-01	2.333114e-01	-1.506743e-01	-2.053809e-01	-6.130394e-01	-4.133614e-01	-2.613074e-02	1.457298e-01	-1.147318e-01	3.206786e-01	5.644748e-01	-1.591529e-01	-3.657814e-01	2.477639e-01	-3.507239e-01	2.098409e-01	-8.909869e-03	6.578908e-02	1.386234e-01	7.095120e-02	-1.699518e-01	-2.849866e-01	8.107402e-02	-1.464794e-01	-4.499297e-01	5.429370e-02	-2.196404e-02	-2.081723e-01	-4.259564e-01	-5.776809e-02	1.199442e-01	-2.119263e-01	3.050066e-01	-3.995341e-01	7.503905e-02	-7.701122e-01	-1.819769e-01	1.950588e-01	3.279929e-01	1.278427e-01	1.709990e-01	2.868610e-01	-2.712381e-01	5.489963e-01	-2.507028e-01	3.434531e-01	1.673126e-01	-3.817114e-02	7.421178e-02	1.566614e-01	8.074367e-02	-6.906018e-02	-9.199510e-02	3.046820e-01	1.353257e-01	-3.008202e-01	-1.488241e-01	2.752300e-02	-3.574787e-01	6.935683e-02	2.568525e-01	-2.986663e-01	2.085919e-01	-2.257561e-01	-4.600309e-01	-5.244929e-01	3.594439e-01	5.729449e-01	2.539949e-01	-3.672184e-01	-6.848266e-01	-8.884857e-02	-1.567613e-01	-5.473417e-02	2.078621e-01	5.116714e-01	-8.229757e-02	1.377113e-01	-4.337386e-01	-6.161473e-02	-5.711303e-01	-5.328040e-01	6.203790e-01	2.491408e-01	-6.620656e-01	1.245070e-01	-6.884427e-01	5.295439e-01	3.581012e-01	8.090682e-02	3.475088e-01	7.477826e-02	-6.925302e-02	-5.428260e-02	-4.810536e-02	1.897819e-01	5.415251e-01	1.484916e-02	-4.765021e-01	7.147881e-02	2.459802e-01	-6.671205e-01	6.430739e-02	2.591019e-01	-3.528044e-01	1.290680e+00	-7.223196e-02	-6.186284e-01	2.990952e-02	-6.709998e-02	-9.929313e-02	1.890533e-01	-6.041388e-01	-3.836874e-01	-2.745506e-01	-2.157875e-01	7.890349e-01	-5.730275e-01	2.323602e-01	2.021740e-01	-1.990526e-01	1.068050e+00	-8.689649e-02	-7.223929e-01	-7.608982e-02	4.018690e-02	1.664771e-01	1.085198e-01	-7.720749e-02	2.106622e-01	-7.591857e-01	1.544906e-01	2.385551e-01	-4.138272e-01	6.141950e-02	8.477411e-02	2.663709e-02	-1.600159e-01	-5.178909e-01	3.293568e-02	1.349266e-01	-1.219092e-01	1.952403e-01	5.899765e-01	4.375913e-01	3.966886e-01	8.664315e-03	-7.661770e-01	3.833835e-01	3.839055e-02	2.436138e-02	-6.207372e-01	6.367133e-01	-1.035644e-01	-9.136412e-02	7.946550e-02	-1.370626e-01	-2.667411e-01	3.041355e-01	1.292480e-01	3.033235e-01	-2.064741e-01	4.025333e-01	3.805333e-02	-7.952528e-02	3.910120e-01	-1.182580e-02	2.270028e-02	1.584083e-01	2.571720e-01	2.476030e-01	-3.550789e-02	-6.460145e-01	-1.499948e-01	-1.173302e-01	6.607994e-02	2.003657e-02	2.997149e-01	-2.225747e-01	6.266665e-01	6.302002e-01	2.242133e-02	7.369413e-02	3.578308e-02	3.314037e-01	5.337481e-01	5.889722e-02	3.036574e-01	2.848534e-01	4.008320e-01	-1.148378e+00	1.109862e-01	1.186975e-02	3.553376e-01	2.682587e-01	-6.170594e-04	8.033688e-02	-1.477846e+00	-3.694125e-02	9.698740e-02	8.294741e-02	1.018371e-01	-4.141839e-01	-2.542320e-01	-4.424552e-01	-4.146842e-01	3.972884e-02	-2.281101e-01	-7.316529e-02	-8.069298e-02	1.983134e-01	-2.589214e-01	-2.348683e-01	-1.896988e-01	3.557453e-01	-3.103400e-02	8.566840e-02	4.328010e-02	-1.337078e-01	2.093528e-01	-5.578175e-01	2.536102e-03	-3.999236e-02	4.700642e-01	1.114917e-01	-2.424684e-01	4.717247e-02	-5.576622e-01	-1.143840e-01	-3.587343e-01	-5.442930e-01	-6.035442e-02	-4.556120e-02	-6.717243e-01	-2.512270e-01	1.933087e-01	3.187791e-01	-9.339619e-02	-1.149107e-01	-3.953868e-01	-1.434680e-01	-2.279133e-01	4.078955e-01	2.282085e-01	-3.736131e-01	2.252526e-01	-4.542674e-02	-4.788922e-02	3.711639e-01	-8.202722e-02	-1.181077e-01	-4.614907e-01	1.714945e-01	-7.330769e-02	-7.939298e-02	1.117039e-02	1.090189e+00	-1.035985e-01	-9.460627e-02	-3.726416e-02	3.075991e-01	1.696017e-01	3.197137e-01	2.763233e-03	5.364632e-01	1.394612e-01	-3.072143e-01	-5.436536e-01	8.216481e-03	1.485830e-01	-3.238006e-01	4.679770e-02	2.981256e-01	6.106281e-01	8.792612e-02	2.311579e-01	-3.024414e-02	-3.373671e-02	-2.166833e-01	-2.465940e-01	9.997349e-02	-4.749842e-02	-2.101596e-01	-3.183941e-01	-3.240127e-02	-9.925596e-01	-3.212548e-01	5.923158e-02	-4.656578e-02	9.625545e-02	1.773837e-01	-5.743940e-01	-3.482265e-02	1.143699e-01	-2.631439e-01	-1.020233e-01	7.208586e-02	-3.906024e-01	1.586980e-01	-9.642500e-01	-2.655704e-01	-1.570583e-01	1.772317e-01	-2.095653e-01	-3.017910e-01	1.710225e-01	-2.116213e-01	4.469087e-01	2.907239e-01	8.596451e-01	-3.020275e-02	4.382211e-01	2.053818e-01	1.365338e-01	-6.124735e-02	5.080499e-03	-2.193204e-01	4.588696e-01	-4.202943e-02	1.351502e-01	-2.761807e-01	2.602223e-01	-7.752142e-03	-4.308605e-01	-1.543411e-01	-2.009063e-01	3.308135e-01	-3.079036e-02	-1.299025e-01	1.475377e-01	-1.475541e-01	-1.305681e-01	5.268251e-01	-3.103603e-02	-3.966750e-01	4.680314e-02	-1.231784e-03	7.070383e-02	2.637688e-01	3.153354e-01	-2.192900e-01	-2.595403e-02	6.194283e-02	3.684009e-01	2.051009e-01	6.161045e-01	-1.876431e-01	3.523326e-01	7.850571e-02	5.995328e-01	-9.744270e-02	-3.531070e-02	-9.151188e-02	1.745854e-01	-1.374508e-01	-3.720571e-01	-1.743791e-01	-5.877675e-02	1.415633e-01	-1.186874e-01	-1.151295e-01	3.317555e-01	1.193639e-01	-2.229869e-01	3.088656e-01	1.136624e-01	-7.899617e-01	-1.324996e-01	1.468473e-01	-2.660446e-01	3.020644e-01	-3.425809e-01	4.619339e-01	-2.297046e-02	2.045941e-01	-2.078615e-01	-3.362304e-01	-4.410190e-01	-5.954144e-01	2.112045e-01	3.218567e-01	-7.682675e-02	-3.170374e-01	-7.037050e-01	-1.303878e-01	1.104736e-02	-2.778462e-01	4.625921e-02	1.282105e-01	-4.165369e-01	-3.426492e-01	-1.013274e-01	2.071535e-03	6.376756e-01	1.968737e-01	-3.364880e-01	7.433364e-01	-3.017895e-02	3.488785e-01	-6.068737e-02	1.645685e-01	9.383275e-02	-1.472042e-01	-1.859983e-01	1.368061e-02	4.602895e-02	-4.206385e-02	-3.301986e-02	-2.967389e-02	3.805830e-01	-2.980863e-01	3.894891e-01	7.588191e-02	2.913921e-01	-1.351615e-01	1.655950e-01	8.656350e-02	-2.716314e-01	-1.834091e-01	3.658979e-01	-2.537169e-01	4.647351e-01	-1.164306e-01	-7.265711e-02	6.316394e-01	-4.196340e-01	1.902069e-01	-2.307801e-01	-4.968376e-02	1.473790e-01	1.663865e-01	7.580166e-02	-6.576234e-01	1.570041e-01	1.491389e-01	7.203562e-01	2.968346e-01	-4.556768e-01	-4.561635e-01	-7.717375e-02	-5.139171e-01	-1.506444e-01	4.464309e-01	1.553512e-01	-1.428913e-01	8.892208e-02	1.093590e-02	3.803990e-01	1.517518e-01	1.261393e-01	2.519928e-02	-2.692704e-02	-2.351467e-02	9.008031e-02	-3.447623e-01	1.148417e-01	8.341690e-03	3.518227e-02	-1.563477e-01	-3.580620e-02	-9.297647e-02	-1.785852e-01	-1.884029e-01	8.590263e-02	1.285523e-01	1.355480e-01	-1.461459e-01	-6.560471e-02	-6.134176e-01	-2.558849e-01	2.132177e-01	2.540904e-02	2.914754e-01	9.960315e-02	2.129083e-01	-6.637415e-01	6.804684e-02	-1.587373e-01	-6.550112e-01	-2.777699e-01	-1.795899e-01	-4.101647e-01	-1.053296e-01	4.424350e-01	4.832918e-01	-2.069707e-01	8.712808e-02	-8.445740e-02	9.163958e-02	-1.380942e-01	5.100648e-03	-4.446567e-01	-2.360855e-01	2.485023e-01	7.385362e-02	5.882963e-02	-3.780587e-01	1.033948e-01	-1.056065e-01	-1.181690e-02	-2.972220e-01	2.593009e-01	-9.400519e-02	-4.099170e-01	-8.903888e-02	-1.699572e+00	-1.550121e-01	1.343586e-02	1.881429e-01	-1.348828e-01	1.003729e-01	4.456381e-01	-2.163312e-01	8.133588e-02	9.908196e-02	-5.102516e-01	-2.621553e-01	6.886415e-03	1.045223e-03	2.872974e-01	6.009651e-01	-6.470644e-02	1.818163e-01	-4.288399e-01	-2.916520e-01	3.335575e-02	-3.413657e-01	1.264848e-01	-1.636989e-01	2.368890e-01	-6.824546e-01	3.958323e-01	3.586281e-02	1.474440e-01	-1.551803e-01	-1.060520e+00	6.943510e-02	-4.963464e-01	-2.050994e-01	-2.799513e-02	2.030273e-02	-1.360562e-01	-4.307900e-01	-1.973017e-01	8.751407e-02	9.650849e-02	7.913016e-02	2.964927e-01	-4.950347e-01	7.330869e-02	-4.830348e-01	-3.866843e-02	3.179255e-01	-1.338961e-01	2.306090e-02	-1.391369e-01	8.663306e-02	-2.183632e-01	5.869280e-01	-1.973064e-01	2.537669e-01	-6.502261e-01	-1.021062e-01	6.864057e-01	-3.663025e-01	-4.243252e-02	-3.835629e-01	1.674188e-01	-3.952646e-01	-6.081175e-01	-6.201094e-01	-1.707869e-01	3.440414e-01	5.144830e-01	-5.674725e-01	1.845696e-01	-1.740732e-01	-2.265086e-01	-3.598127e-01	-5.117674e-01	-1.450785e-01	-2.413542e-01	-5.276198e-01	1.997402e-01	-6.084584e-01	3.674276e-01	3.301340e-01	-7.544497e-01	-1.779117e-01	1.552545e-01	1.154306e-01	4.507049e-01	1.020345e-01	2.984124e-01	3.304595e-01	7.475942e-01	3.047858e-01	-7.284694e-02	-1.586259e-02	-5.346721e-01	-3.761394e-01	-4.499229e-01	3.961578e-02	9.990208e-02	-9.467061e-01	-3.379567e-01	5.856041e-01	3.483332e-01	1.302178e-01	-1.886044e-01	1.739522e-01	-3.374739e-01	-6.273319e-01	5.478629e-02	3.264646e-01	-6.446503e-01	1.521304e-01	3.090208e-01	-4.206035e-01	-9.906816e-02	-3.641011e-01	-9.446476e-02	3.874457e-01	3.921976e-01	1.542643e-01	-1.273590e-02	1.677062e-01	2.811783e-01	3.433986e-01	-1.862006e-02	6.288769e-02	-5.936802e-01	4.282599e-02	-2.193557e-02	7.351796e-01	-1.165626e-01	-2.968985e-01	-1.043229e-01	2.983895e-01	4.706565e-01	3.771630e-02	3.873116e-03	-1.882538e-01	-5.546031e-01	-3.619694e-02	-1.693876e-01	5.636250e-02	-2.292914e-01	-7.951026e-02	-9.346867e-02	4.514991e-01	2.585379e-01	-2.075011e-01	3.725258e-01	5.764717e-01	-5.503416e-01	8.559212e-02	-2.156539e-02	-4.168697e-01	5.122389e-02	-8.864768e-02	-1.013442e+00	1.540833e-01	1.168634e-01	3.181624e-01	-1.084458e-01	-5.283137e-02	3.141866e-01	9.320921e-02	1.312621e-01	-8.414890e-01	2.889493e-01	-2.338555e-02	1.573500e-01	3.951688e-01	7.708263e-02	-1.134333e-03	-2.193667e-01	1.362749e-01	-5.934647e-01	-5.368744e-02	2.522997e-01	-3.615636e-01	2.975062e-02	-2.262941e-01	6.773144e-02	-3.159048e-01	6.974726e-02	-5.831824e-01	-2.979072e-01	-4.428534e-01	-2.997817e-01	-4.269271e-01	2.031778e-01	2.128570e-01	1.568945e-01	6.450294e-01	-5.809842e-01	2.063181e-01	-2.229989e-02	-5.835733e-01	-2.599680e-01	-5.493715e-01	3.612728e-01	2.173456e+00	-3.273992e-01	2.548468e-01	-3.449074e-01	-1.731640e-01	-4.207304e-01	-4.608174e-01	-3.423104e-02	1.140509e-02	1.109118e-01	3.426263e-01	-2.500213e-01	4.577594e-01	6.762257e-01	5.924059e-02	1.061536e-01	-1.730916e-01	-3.965005e-01	-2.933054e-01	-4.956658e-01	-1.387052e-01	-2.213055e-01	-1.388199e-01	5.893605e-01	3.106133e-01	3.845030e-01	1.440408e-01	1.233210e+00	-8.642980e-01	-5.004500e-01	-7.275791e-01	8.012879e-01	-3.929378e-01	5.053726e-01	-1.921293e-01	-6.639589e-02	-2.059452e-01	-3.653760e-02	2.049920e-01	-1.638179e-02	1.802836e-02	2.659180e-01	-1.167734e-01	6.115668e-01	-3.399005e-01	2.745975e-01	-4.147518e-03	2.229033e-01	-3.830450e-01	-2.240612e-01	1.546175e+00	-1.658281e-01	8.924139e-02	3.367020e-01	-1.862884e-01	-4.442073e-01	-4.155118e-01	-2.774004e-01	-5.763819e-01	1.339222e-01	-4.866639e-01	-1.882767e-02	-3.599962e-02	-4.284576e-01	3.905314e-01	-3.050829e+01	2.450794e-01	1.089509e-01	-3.714128e-01	9.879988e-02	1.749937e-01	-5.165291e-02	-1.160976e+00	5.231212e-01	7.439330e-01	-3.955421e-01	-1.545995e-01	1.538018e-01	-1.831014e-01	6.455836e-02	-6.886269e-02	1.569735e-01	-3.837778e-01	-3.056110e-01	3.245879e-03	-3.937095e-01	-1.066876e-01	-1.046534e-01	-7.196387e-01	2.897852e-01	-3.119089e-01	1.921235e-01	-4.163647e-01	-3.953493e-01	1.723166e-01	-2.884589e-01	4.801938e-02	-2.857470e-01	-9.054924e-02	-1.121023e-01	1.360273e-01	2.749054e-01	9.536510e-01	-2.150410e-01	2.406288e-02	-7.401850e-02	-1.047482e-01	7.407006e-01	-1.741292e-01	2.157231e-01	-6.079675e-02	1.027821e-01	1.462132e-01	1.811842e-02	-7.409073e-01	3.265161e-01	1.890749e-01	5.975258e-01	4.815412e-01	1.395329e-01	2.079408e-01	-1.815699e-01	1.385389e-01	3.618990e-01	2.022487e-01	8.743820e-02	2.583308e-02	-1.424405e-01	-5.552191e-01	-3.589842e-01	-2.215656e-01	2.829143e-01	3.024080e-01	-1.868262e-01	-1.379806e-01	-2.664914e-01	-3.577451e-01	-5.129920e-01	9.404510e-02	4.768096e-01	1.176492e-01	1.716207e-01	-4.611719e-01	-4.624487e-01	-9.267462e-01	-2.805364e-01	1.644357e-01	3.233024e-01	-4.377750e-01	-2.952641e-01	-6.185894e-01	-6.609631e-01	4.639430e-01	-1.309472e-01	4.513606e-01	1.382699e-02	7.131657e-01	-2.260412e-02	1.406117e-01	2.807100e-01	6.729218e-01	-2.392500e-01	-6.917209e-01	-2.755255e-01	3.504623e-02	-7.670115e-01	-2.105313e-01	1.452848e-01	-1.491792e-01	5.664815e-01	-1.312776e-01	-8.278842e-01	5.627055e-02	-7.904186e-02	-2.689315e-01	1.739681e-01	-8.586155e-01	1.159158e-01	-7.466154e-01	-5.146217e-01	5.067574e-01	-4.318958e-01	8.539051e-02	4.349913e-01	4.048843e-02	-2.634191e-01	3.655568e-01	-1.460217e-01	-2.075541e-01	1.284674e-01	-2.723999e-01	-1.151519e-01	1.715288e-01	-5.794447e-02	-4.954267e-01	-3.177016e-01	1.563455e-01	-1.198988e+00	-3.211662e-02	-3.584450e-01	-1.348178e-01	-2.388230e-01	-1.160613e-02	-4.246536e-01	4.537778e-01	-5.232322e-01	2.023008e-01	1.708785e-01	5.563620e-01	-6.003746e-01	9.910608e-02	-6.303563e-01	3.540855e-01	-6.407517e-02	6.863516e-02	-2.525185e-01	3.289276e-01	5.409851e-02	-1.454919e-01	2.403618e-01	-3.809194e-01	-1.989817e-01	8.838660e-02	1.907743e-01	3.636185e-01	7.398238e-03	-5.153270e-02	3.234854e-01	-1.266439e-01	4.626983e-01	-3.847005e-01	-2.053019e-01	3.444180e-01	2.222548e-02	7.715658e-02	1.827724e-01	-1.093922e+00	1.664311e-01	-4.058389e-01	1.990765e-02	1.109901e-01	-4.266494e-01	-2.120066e-01	4.555517e-01	4.417498e-01	2.797210e-01	2.417360e-01	3.469091e-01	9.644998e-01	4.353455e-01	-1.625766e-01	1.390256e-03	4.940260e-01	-2.114167e-01	-5.642636e-01	-6.400723e-02	-2.688573e-01	-2.917898e-01	3.979155e-01	-1.339467e-01	-2.112422e-01	-6.406553e-01	1.862293e-01	3.227607e-01	2.451766e-01	3.173808e-01	-3.448009e-01	-2.580544e-01	1.052322e-02	8.865082e-02	3.714413e-01	-3.345545e-02	1.695058e-02	4.295386e-02	3.500063e-01	1.430128e-02	-2.383711e-01	-9.839354e-02	6.028656e-01	-4.126166e-02	-1.977983e-01	-9.300544e-02	-1.507262e-01	1.934514e-01	-6.447827e-01	3.198537e-01	-9.518819e-02	3.019941e-01	-4.125199e-02	2.328898e-01	2.567702e-01	-8.202692e-01	1.074947e+00	-3.876226e-01	-3.959626e-01	1.110763e-03	-2.014712e-01	-4.995625e-02	-6.599994e-01	4.376592e-01	-1.363944e-02	-1.463229e-01	-5.371255e-01	2.139168e-01	2.429103e-01	-5.091106e-01	3.012406e-01	2.179097e-01	9.426188e-02	-4.301901e-02	6.538460e-02	1.723929e-01	1.114072e-01	1.208726e-01	-2.926931e-01	-4.476505e-01	2.424346e-01	4.072437e-01	4.060841e-01	-2.116679e-01	1.420700e-01	-1.110874e-01	1.390255e-02	-3.901671e-01	-9.093022e-03	2.695044e-01	1.109210e+00	-1.831242e-01	7.418663e-01	2.452856e-01	-2.576356e-01	1.595222e-01	-4.887911e-01	5.808354e-01	-3.387120e-01	3.575026e-01	6.669484e-01	8.105347e-01	2.166933e-01	4.153493e-05	-3.912460e-03	7.638318e-02	-1.364199e-02	-3.208823e-01	-7.609493e-02	1.713518e-02	-1.621557e-01	-8.122866e-01	2.863502e-02	5.553880e-03	5.800869e-02	-3.596407e-01	4.258647e-03	-1.818242e-01	7.901733e-02	-3.888289e-01	-2.681774e-01	1.223379e-02	7.962111e-02	-4.114498e-01	-4.366634e-01	-6.271302e-01	2.391159e-01	-8.882757e-01	1.002754e-01	-4.039536e-01	2.551360e-01	-3.104545e-01	-5.475017e-01	6.189007e-01	-4.777313e-01	4.311764e-01	3.321038e-01	4.585174e-01	-1.185454e-01	4.310457e-01	4.191187e-01	-3.964951e-01	2.127832e-01	-4.542637e-01	-6.737685e-02	2.809983e-01	-3.320935e-01	-2.492856e-01	-2.227158e-01	5.055705e-01	3.079018e-01	-4.333807e-01	-3.291014e-01	-5.623050e-01	-2.591837e-01	-3.102513e-01	-9.152243e-02	-2.095244e-01	-1.797283e-01	1.258724e-01	5.077347e-01	6.626818e-02	-3.098384e-01	2.323942e-01	-2.177938e-01	-2.030621e-02	1.186824e-01	4.739593e-01	-1.792790e-01	-3.847678e-01	6.773923e-02	4.459199e-01	6.349766e-02	5.197580e-01	-1.016555e-01	-2.651750e-02	-8.321060e-02	2.326639e-01	-4.567904e-02	1.981200e-01	9.332601e-04	3.565886e-01	3.027483e-02	-1.042302e-01	-4.177656e-01	-4.436909e-02	6.336529e-01	4.367441e-02	-4.482811e-01	-3.254348e-01	1.442938e-01	-1.175113e-01	2.666742e-01	-4.484183e-02	-4.533212e-01	-2.202516e-01	-4.555890e-01	-2.419911e-02	-3.740088e-02	-2.174154e-01	3.676610e-01	9.487912e-01	-1.674772e-01	1.193070e-01	-3.784390e-01	-2.507882e-01	-5.214066e-02	2.767276e-01	3.646319e-01	3.591607e-01	-1.668984e-02	-2.561216e-01	-4.781066e-01	-1.846637e-01	-9.987859e-02	8.840994e-02	4.360462e-01	-3.152185e-01	-1.549203e-01	-3.323147e-01	-2.739445e-01	5.937958e-01	8.410205e-03	-4.762653e-01	7.034615e-01	-8.533911e-02	7.507574e-01	-3.197634e-01	-1.946654e-01	2.995054e-01	-4.007839e-01	5.767791e-02	-2.287561e-01	9.002032e-02	-1.575371e-01	-1.961840e-01	3.103634e-01	3.551585e-02	-2.368062e-01	6.610589e-01	2.351334e-01	2.786040e-01	1.437279e-01	1.126660e-02	9.857351e-02	-3.498352e-01	-3.982712e-01	4.578207e-01	-1.887468e-01	3.459218e-01	1.987110e-01	1.704274e-02	1.242126e-01	-5.340414e-01	-4.223455e-01	-5.121995e-01	1.526210e-01	-2.883461e-01	4.461085e-01	-2.030614e-01	8.381419e-02	6.358474e-02	-3.890370e-01	1.138305e-01	-1.315012e-01	-1.583232e-01	-3.755642e-01	-4.612078e-01	1.884484e-01	-1.204704e-01	2.967817e-01	1.205762e-01	-2.983654e-01	-5.623879e-02	2.204813e-01	1.296109e-01	1.105767e-01	5.086915e-02	-3.372945e-01	-1.120640e-01	-4.509280e-01	-4.495525e-02	-4.181513e-01	2.622152e-01	-1.983411e-02	3.546313e-01	-2.621605e-01	2.459460e-02	-1.381463e-01	-4.158236e-01	-2.633774e-02	3.993339e-03	-3.090912e-01	-4.719858e-02	-6.462176e-01	-2.055807e-01	-4.283532e-01	-5.415401e-01	2.394280e-01	2.417370e-02	3.386703e-01	2.154857e-01	3.257830e-01	1.817409e-01	1.750547e-02	4.788864e-01	-5.122964e-01	-4.224087e-01	3.604199e-01	-5.782436e-01	-2.535058e-02	6.714748e-01	3.546814e-01	-9.207614e-03	-1.220207e-01	-1.009682e-01	3.711899e-02	9.624559e-02	2.547351e-01	-1.467422e-01	-5.555207e-01	2.422260e-01	2.721860e-01	-3.263458e-01	2.427589e-01	2.743883e-01	-7.879875e-01	1.738197e-02	-4.666896e-01	2.061673e-01	-5.041749e-01	-1.666297e-01	-2.051010e-01	2.188628e+00	-3.153494e-01	-1.595617e-01	-1.518393e-01	1.202791e-01	2.613774e-01	1.124864e-01	-2.999206e-01	-2.286153e-01	1.601641e-01	-2.152348e-01	-3.290797e-01	2.824498e-01	-1.326469e-01	1.016172e-01	7.932919e-01	-1.483241e-01	-6.166117e-02	-5.395586e-02	-3.883274e-01	1.424006e-01	1.389473e-01	-2.323873e-01	-2.052052e-01	5.331847e-02	-8.532209e-01	5.197780e-01	-2.326891e-02	-8.485063e-01	-1.919441e-01	-6.512053e-01	2.569762e-01	-2.931716e-01	-8.589466e-01	-7.109844e-02	3.519796e-01	-8.285700e-02	-3.300135e-01	-8.291057e-02	-2.081007e-01	-3.564129e-02	-2.188347e-02	3.445157e-01	-3.498191e-01	1.912322e-01	-3.237619e-01	-1.393936e-01	1.803697e-01	-3.041128e-01	1.863530e-02	-2.207843e-01	1.824376e-01	-3.868669e-01	6.932281e-01	2.930303e-02	1.624971e-01	-5.313797e-01	-2.217983e-01	7.309692e-01	-2.908058e-01	1.711498e-01	-2.398185e-01	-2.319868e-02	-1.565266e-01	-4.218640e-01	-4.938809e-01	-1.613275e-01	3.527491e-01	4.502175e-01	-5.533870e-01	8.685494e-03	-3.944565e-02	-1.838701e-01	-4.435333e-01	-8.150683e-01	-1.417149e-01	-1.749238e-01	-5.783632e-01	1.101395e-01	-3.471222e-01	4.354728e-01	1.137700e-01	-6.042165e-01	-3.873058e-01	3.544894e-01	2.357020e-01	1.862932e-01	1.795396e-01	1.138568e-01	6.076189e-01	7.302395e-01	5.477773e-01	-1.132988e-01	-8.083222e-02	-6.722581e-01	-4.086400e-01	-3.817957e-01	1.446542e-01	-8.741580e-03	-6.884845e-01	-3.024751e-01	5.103911e-01	2.961687e-01	8.523112e-02	-1.483101e-01	2.282337e-01	-1.313899e-01	-4.187866e-01	-2.109661e-01	3.708092e-01	-5.293893e-01	1.955888e-01	-4.752491e-03	-5.641519e-01	-2.345658e-02	-2.973229e-01	-2.155926e-03	1.749355e-01	2.188751e-01	7.345807e-02	-9.052859e-02	4.021836e-01	1.025969e-01	2.809841e-01	-1.733670e-01	-1.187321e-01	-4.005569e-01	-6.633293e-02	4.975793e-02	4.675860e-01	-1.169072e-01	1.791943e-02	-3.392057e-01	1.797572e-01	2.702338e-01	4.039744e-02	-2.906003e-02	-1.869696e-01	-3.707078e-01	-1.609666e-01	-9.037528e-02	6.020833e-02	-1.216549e-01	-3.293035e-01	-1.851415e-01	2.949988e-01	2.037008e-01	-1.747385e-01	1.540700e-01	5.194207e-01	-4.055780e-01	1.978880e-01	-5.923191e-02	-2.984492e-01	1.570173e-01	-1.568294e-01	-5.986838e-01	1.170989e-01	3.683942e-02	2.713420e-01	-3.382588e-01	-1.647807e-01	2.377056e-01	1.241681e-01	5.593595e-02	-8.756871e-01	1.640770e-01	1.805536e-01	2.391666e-01	4.141122e-01	1.129344e-01	1.147562e-01	-7.610067e-02	8.405769e-02	-3.827212e-01	1.978881e-01	1.086149e-01	-1.943828e-01	-5.916092e-02	-1.598857e-01	1.671019e-01	-3.442781e-01	-7.350335e-03	-4.081626e-01	-3.531799e-01	-3.337923e-01	-1.313336e-01	-2.017272e-01	-9.256715e-02	1.346434e-01	2.223342e-01	6.781502e-01	-4.181676e-01	7.972383e-02	-6.498584e-02	-4.415677e-01	-2.139298e-01	-4.281391e-01	3.068878e-01	2.253201e+00	-6.234317e-02	2.590186e-01	-3.911647e-01	-2.373870e-01	-3.275869e-01	-5.498512e-01	-1.420898e-01	3.688290e-03	-1.609339e-01	4.000854e-01	-2.579210e-01	5.839342e-01	6.634751e-01	1.892926e-01	7.784014e-02	-1.780378e-01	-4.007596e-01	-2.301328e-01	-2.625169e-01	7.531328e-02	-7.414884e-02	-5.048814e-02	4.103405e-01	2.708448e-01	3.945504e-01	7.339201e-02	1.042007e+00	-7.266221e-01	-5.496329e-01	-5.653100e-01	7.104719e-01	-5.301360e-01	-4.171681e-01	-1.738354e-01	-4.770925e-02	-3.053527e-01	-1.000167e-01	2.838385e-01	2.199288e-02	-5.511639e-02	2.646195e-01	1.355077e-01	4.857402e-01	-4.683821e-01	1.535743e-01	-7.717314e-02	2.337741e-01	-3.244851e-01	-1.139014e-01	1.371029e+00	-2.922084e-01	9.525637e-02	3.709042e-01	-8.939958e-02	-4.658706e-01	-2.887609e-01	-4.075262e-01	-5.630389e-01	3.968716e-02	-5.108688e-01	8.118754e-02	-5.352293e-02	-3.648914e-01	5.501226e-01	-2.416933e+01	2.789062e-01	2.638110e-01	-1.734814e-01	2.252855e-01	1.415816e-01	-3.163583e-01	-1.030895e+00	4.624090e-01	3.781604e-01	-3.502957e-01	-8.581164e-02	1.206364e-01	-3.428442e-01	1.240155e-01	-4.171970e-02	-4.559250e-02	-3.923803e-01	-4.455173e-01	-1.880220e-01	-2.263848e-02	-1.410527e-01	1.588613e-02	-6.591129e-01	1.202337e-01	-3.712890e-01	3.876417e-01	-2.274009e-01	-5.858633e-01	3.984465e-01	-4.194465e-01	9.286585e-02	-1.780103e-01	-1.524997e-01	-2.446381e-01	4.175918e-01	-5.977676e-03	7.498927e-01	-2.790755e-01	1.014916e-01	-2.031683e-01	-8.004785e-02	5.692248e-01	2.443471e-02	1.189643e-01	-4.816950e-02	1.367447e-01	2.366048e-01	1.245404e-01	-8.329805e-01	4.254582e-01	2.671909e-01	6.027091e-01	6.964648e-01	-9.794716e-04	2.485351e-01	-4.247957e-01	2.541762e-01	4.170983e-01	1.179689e-01	-7.310827e-02	-1.187673e-01	2.620440e-02	-2.975485e-01	-2.860164e-01	-2.789992e-01	1.560388e-01	2.728074e-01	-1.558122e-01	2.980158e-02	-1.278475e-01	-1.650804e-01	-4.167432e-01	-6.636938e-02	2.537005e-01	2.913797e-01	-4.386991e-02	-3.842859e-01	-5.196184e-01	-7.245566e-01	-2.177679e-01	1.351971e-01	1.527522e-01	-3.825047e-01	-3.578633e-01	-4.867708e-01	-7.720008e-01	5.335172e-01	-1.448942e-01	3.365344e-01	2.456361e-01	6.152676e-01	8.593605e-02	1.258746e-01	2.021545e-01	3.404863e-01	-3.132675e-01	-3.765764e-01	-2.112067e-01	5.826813e-02	-5.580589e-01	-2.518240e-01	3.185625e-01	-6.672692e-02	4.603746e-01	-7.665420e-02	-6.081794e-01	-1.213168e-01	-7.427076e-02	-1.696641e-01	1.225486e-01	-6.811189e-01	1.136434e-01	-8.734699e-01	-5.714660e-01	3.571866e-01	-3.242230e-01	1.342779e-01	4.566440e-01	-6.062821e-02	-4.361013e-01	2.060509e-01	-4.679413e-02	-4.208316e-01	-7.705592e-02	-3.861666e-01	-2.068224e-01	2.362578e-02	-1.995321e-01	-2.671905e-01	-4.825397e-01	6.461631e-02	-9.431494e-01	-1.031192e-01	-3.818037e-01	-1.602871e-01	-9.842593e-02	9.690253e-02	-3.647530e-01	9.902605e-02	-3.241335e-01	1.613020e-01	-1.306607e-01	4.139260e-01	-6.028482e-01	8.143105e-02	-3.362599e-01	3.409137e-01	1.515881e-01	8.594601e-02	1.262436e-02	1.877773e-01	2.092566e-01	-1.828200e-01	4.003212e-01	-3.332067e-01	-1.515100e-01	1.482750e-01	-2.911114e-02	3.601132e-01	-2.128376e-02	-8.228065e-02	2.381389e-01	7.023257e-02	6.058819e-01	-2.569727e-01	-4.687194e-04	2.457708e-01	1.755713e-01	-1.192072e-01	2.297191e-01	-8.596748e-01	2.301902e-01	-5.064858e-01	4.505372e-02	1.396611e-01	-2.387471e-01	-6.868225e-02	2.260607e-01	4.168638e-01	2.269446e-01	1.594864e-01	3.412811e-01	9.916716e-01	3.356960e-01	2.270493e-02	2.229526e-01	4.472337e-01	-3.670667e-01	-2.903686e-01	2.491933e-02	-3.344781e-01	-3.167351e-01	5.939950e-01	-1.310687e-01	-1.976714e-01	1.352053e-01	7.393471e-02	3.769992e-01	2.870110e-01	3.634531e-01	-1.298865e-01	-2.860675e-01	1.081972e-01	1.261127e-01	4.404201e-01	-8.673241e-02	-7.080243e-02	1.780659e-01	3.188619e-01	1.114776e-01	-2.532538e-01	2.815398e-02	5.949315e-01	8.255175e-02	4.745117e-02	-8.410109e-02	6.839616e-02	2.656274e-01	-4.047155e-01	2.531863e-01	-1.297077e-01	2.112707e-03	1.109440e-01	3.388253e-01	2.774227e-01	-6.627060e-01	1.125724e+00	-4.747708e-01	-4.566399e-01	-4.130030e-02	-2.114345e-01	1.494287e-04	-5.009481e-01	4.737375e-01	-1.466381e-01	-7.350294e-02	-4.989424e-01	2.822163e-01	2.687925e-01	-4.258459e-01	2.771503e-01	1.353389e-01	3.321792e-01	1.503653e-01	6.445485e-02	3.579348e-01	-1.831947e-02	2.988436e-02	-2.291971e-01	-8.443547e-02	9.246178e-02	6.706437e-01	3.561070e-01	-1.479665e-01	1.069712e-02	-1.662398e-01	2.034982e-01	-3.686027e-01	1.071998e-03	1.620428e-01	9.384897e-01	-3.508799e-01	6.072984e-01	2.717744e-01	-5.719034e-02	2.835432e-01	-5.638813e-01	4.352531e-01	-7.675328e-02	5.926383e-01	4.955680e-01	4.960715e-01	1.970318e-01	-3.559049e-02	-3.606968e-02	3.016428e-02	1.494533e-02	-3.403896e-01	-8.393432e-02	-1.492864e-01	-1.302325e-01	-6.419935e-01	2.638858e-01	-9.527868e-02	1.395155e-01	-1.512599e-01	-7.166087e-02	-3.665679e-01	1.097765e-01	-2.666159e-01	-1.839292e-01	-7.232881e-02	2.960848e-01	-3.806694e-01	-4.712841e-01	-4.073490e-01	3.920277e-01	-5.464182e-01	6.180189e-02	-4.350425e-01	3.998129e-01	-5.927403e-03	-5.588724e-01	4.504097e-01	-2.869197e-01	3.309807e-01	2.548812e-01	5.981975e-01	-1.067472e-01	3.576553e-01	4.026994e-01	-4.332123e-01	1.956431e-01	-3.699675e-01	-7.965460e-02	1.372971e-01	-2.622531e-01	-1.475542e-01	-2.492494e-01	4.179211e-01	3.033881e-01	-5.592226e-01	-1.470394e-01	-5.244476e-01	-2.830839e-01	-1.903303e-01	5.810165e-02	-1.362246e-01	-2.186049e-01	1.543237e-01	5.423223e-01	-3.719975e-02	-2.322645e-01	3.211738e-01	-1.891253e-01	-2.011302e-02	1.246034e-01	1.883241e-01	8.314263e-03	-3.299042e-01	6.460218e-02	4.026423e-01	6.433076e-02	3.489847e-01	-1.699895e-01	-8.319964e-02	-1.139532e-03	2.642828e-01	-8.945975e-02	1.310089e-01	-3.807551e-02	2.893448e-01	7.047246e-02	1.661258e-01	-2.594896e-01	1.487243e-01	5.771307e-01	1.879712e-04	-4.482481e-01	-4.068684e-01	1.974931e-01	-2.071111e-01	1.482971e-01	-7.609934e-02	-2.164750e-01	-8.785807e-02	-5.933808e-01	2.699352e-01	-2.053522e-01	-1.120130e-01	1.809055e-01	9.671909e-01	-2.473853e-01	1.453541e-01	-3.509113e-01	-2.232356e-01	2.380457e-02	1.574915e-01	3.957554e-01	3.554904e-01	6.357425e-02	-3.312180e-01	-6.321686e-01	-1.037746e-01	-5.735685e-02	1.195967e-01	4.330977e-01	-2.006065e-01	-5.743360e-02	-3.681814e-01	-2.336933e-01	5.143622e-01	-7.602806e-02	-4.014507e-01	5.692137e-01	1.398414e-01	5.965269e-01	-3.612614e-01	-3.066188e-01	2.919061e-01	-4.005556e-01	1.507900e-02	-1.832239e-01	1.432051e-01	-7.259601e-02	-1.958015e-01	2.315057e-01	-1.463289e-02	-1.430308e-01	6.576906e-01	2.749721e-01	1.798405e-01	1.856596e-01	-3.430685e-02	2.146752e-01	-3.195682e-01	-1.873785e-01	3.812551e-01	-1.737242e-01	2.311250e-01	2.765414e-01	1.156693e-01	1.835387e-02	-4.685986e-01	-4.187899e-01	-4.523499e-01	2.901022e-01	-3.231192e-01	4.571239e-01	-2.929973e-01	7.233812e-02	-1.231919e-01	-8.260567e-02	2.085160e-01	-1.160526e-01	-6.020624e-02	-1.723478e-01	-5.558121e-01	3.404674e-01	-1.011085e-01	8.944696e-02	7.873891e-02	-2.704917e-01	1.143767e-02	1.587516e-01	2.382578e-01	1.530620e-01	2.393321e-03	-2.826915e-01	-1.211178e-01	-2.735831e-01	-1.173870e-01	-4.211543e-01	2.967785e-01	7.357781e-02	3.150175e-01	-3.257028e-01	2.627972e-01	-1.572027e-01	-9.117857e-02	2.664177e-02	-1.364704e-01	-3.652705e-01	3.811598e-02	-5.751462e-01	-2.220175e-01	-3.091478e-01	-5.115502e-01	1.914631e-01	-1.375652e-01	2.257393e-01	8.293132e-02	2.287068e-01	2.158338e-01	2.479794e-02	6.216712e-01	-4.706180e-01	-3.711830e-01	3.675393e-01	-4.234660e-01	1.600066e-01	5.724252e-01	5.872849e-01	-7.989165e-02	1.550710e-01	-1.799414e-01	5.675028e-02	1.268074e-01	2.531149e-01	2.568950e-02	-2.770698e-01	2.644697e-01	8.709704e-02	-3.362634e-01	3.340654e-01	5.333900e-01	-6.457386e-01	-2.320064e-01	-7.209253e-01	3.244030e-01	-2.581438e-01	-1.366415e-01	-1.523490e-01	2.593098e+00	-1.662214e-01	-2.070610e-01	2.174837e-02	2.098319e-01	2.053588e-01	-1.211513e-01	-3.188474e-01	-1.604722e-01	2.505753e-01	-2.459483e-01	-4.570876e-01	1.939163e-01	6.231046e-02	-3.997534e-03	5.798841e-01	5.032345e-02	-1.398503e-01	3.203350e-02	2.901518e-03	1.027198e-01	-4.071672e-02	-3.789571e-01	-2.255942e-01	-6.245953e-03	-6.895886e-01	2.186308e-01	8.450124e-02	-9.050698e-01	-8.951098e-02	-4.155660e-01	1.751220e-01	-2.930301e-01	-7.766767e-01	-1.542955e-01	3.175170e-01	-1.427629e-01	-1.214049e-01	-3.012559e-02	-2.766224e-01	-9.412602e-02	5.667341e-02	4.447314e-01	-1.380430e-01	2.886555e-01	-4.235428e-01	-3.971107e-01	2.558762e-01	-2.095447e-01	-1.502054e-01	-4.308183e-01	1.344929e-01	-3.154961e-01	5.620384e-01	-9.159877e-03	6.979225e-02	-2.452703e-01	-1.695987e-01	5.394340e-01	-3.158085e-01	1.387884e-01	-1.334637e-01	-1.011036e-01	-2.351885e-01	-3.071182e-01	-3.531094e-01	-2.061522e-01	2.877055e-01	3.376032e-01	-5.109257e-01	8.804575e-02	-3.751452e-01	-1.587490e-01	-5.449173e-01	-7.305322e-01	-2.139259e-02	-1.393280e-01	-5.655020e-01	1.451721e-01	-2.458981e-01	5.134670e-01	1.232137e-01	-6.695940e-01	-5.060293e-01	3.853690e-01	1.872959e-01	1.024136e-01	1.147994e-01	2.893069e-01	8.317034e-01	7.046157e-01	5.328661e-01	-1.707428e-01	-1.412990e-01	-5.690888e-01	-5.343472e-01	-3.618758e-01	3.779773e-02	-2.870836e-02	-2.148435e-01	-2.706389e-01	3.251510e-01	3.735395e-01	1.455924e-01	5.958772e-02	1.570766e-01	-5.507572e-03	-4.109187e-01	-2.837733e-01	2.462697e-01	-5.400532e-01	2.922641e-01	-1.828166e-01	-6.052274e-01	-1.314593e-01	-2.447754e-01	1.827471e-02	2.075278e-01	2.629037e-01	4.744593e-02	-1.751761e-01	1.554594e-01	1.614622e-01	2.700859e-01	-1.568085e-01	-9.177016e-02	-2.493309e-01	-5.387324e-02	-1.518728e-02	1.512420e-01	-2.721842e-01	1.549094e-01	-1.193904e-01	2.001032e-01	1.028247e-01	1.486806e-01	-1.262095e-01	-1.940549e-01	-2.683952e-01	-7.691477e-02	6.237460e-02	1.637824e-01	6.278580e-02	-3.017286e-01	-1.735070e-01	1.945835e-01	2.385960e-01	-3.161704e-01	1.689761e-01	4.587239e-01	-3.138406e-01	9.829766e-02	1.162274e-01	-1.988735e-01	1.128011e-01	-2.710558e-01	-3.931665e-01	-1.799552e-01	1.298165e-01	2.145358e-01	-2.480021e-01	-2.374304e-01	1.515059e-01	4.651762e-03	-9.065833e-02	-9.743349e-01	3.285402e-01	2.744043e-01	1.297104e-01	3.761808e-01	2.778151e-02	9.473646e-02	9.015618e-02	9.741950e-02	-2.923875e-01	6.374073e-02	5.911529e-02	-1.318223e-01	-2.341113e-01	-1.190753e-01	1.481185e-01	-6.194813e-01	1.823555e-01	-1.425906e-01	-1.568824e-01	-2.322263e-01	-2.134814e-01	-5.630778e-02	-2.012803e-02	-1.552360e-01	1.732576e-01	4.513903e-01	-2.584841e-01	-1.880373e-02	-1.746949e-01	-3.468699e-01	-2.601028e-01	-3.831249e-01	1.391596e-01	2.196381e+00	-5.501634e-02	3.747007e-01	-4.000062e-01	-2.235786e-01	-2.797887e-01	-5.152701e-01	-2.673503e-01	1.168219e-02	5.958446e-02	3.748215e-01	-1.136579e-01	5.673105e-01	6.480913e-01	2.160663e-01	5.807807e-02	-2.960109e-01	-2.309593e-01	-1.778546e-01	-1.595905e-01	-1.095835e-01	-5.501169e-03	2.668296e-01	4.026328e-01	1.986482e-01	2.732380e-01	1.728164e-01	8.139997e-01	-4.912335e-01	-2.597564e-01	-2.909346e-01	4.762539e-01	-4.801593e-01	-5.871299e+00	-1.085772e-01	-1.843274e-01	-2.288278e-01	-1.154551e-01	3.787965e-01	-1.590085e-01	-1.245911e-01	3.200378e-01	1.192114e-01	4.925287e-01	-4.104755e-01	5.723002e-02	-2.625117e-01	1.707311e-01	-3.279281e-01	-1.133953e-01	1.232346e+00	-3.801773e-01	7.989982e-02	3.914153e-01	1.123643e-01	-4.799607e-01	-1.423157e-01	-3.678741e-01	-4.577646e-01	-1.133367e-02	-4.622033e-01	3.568019e-02	-4.992361e-02	-2.714145e-01	2.471489e-01	-1.792618e+01	5.057234e-01	2.749867e-01	-1.152724e-01	2.605829e-01	6.246802e-04	-2.912624e-01	-3.703654e-01	4.004826e-01	3.731572e-01	-2.380498e-01	1.670310e-01	-1.693645e-02	-3.874515e-01	6.035175e-02	-1.461670e-01	-1.568398e-01	-4.088694e-01	-2.885707e-01	-2.254670e-01	1.653828e-01	-2.113652e-01	-6.532141e-02	-6.574883e-01	-2.197713e-02	-3.229857e-01	2.527533e-01	-2.017064e-01	-6.892359e-01	4.572614e-01	-4.924251e-01	-7.284184e-02	7.303894e-02	-1.849296e-01	-1.666680e-01	5.554264e-01	-1.739963e-01	4.966641e-01	-4.676991e-01	7.145213e-02	-3.498884e-01	-1.275302e-02	4.034579e-01	-7.712966e-02	1.008653e-01	3.705023e-02	-3.601754e-02	1.277665e-01	1.983211e-01	-8.964834e-01	2.453928e-01	5.129639e-01	5.169091e-01	7.342008e-01	1.275282e-01	1.614830e-02	-3.566190e-01	2.372392e-01	3.555649e-01	3.651520e-03	-1.367737e-01	-1.167927e-01	3.210076e-02	3.456648e-02	-2.785512e-01	-4.070381e-01	2.106686e-01	2.662980e-01	-9.003630e-02	2.699082e-01	8.251383e-02	-2.641066e-03	-2.987321e-01	-9.947891e-02	5.010412e-02	2.608262e-01	-2.236034e-01	-3.296840e-01	-4.605072e-01	-6.440609e-01	-5.903778e-02	1.931605e-01	-4.313373e-03	-3.341336e-01	-3.104748e-01	-4.571607e-01	-8.708568e-01	4.218199e-01	-2.547556e-01	1.824499e-01	2.639109e-01	3.916245e-01	2.448476e-01	2.303349e-02	1.559840e-01	-4.520495e-02	-2.712050e-01	-3.646455e-01	-1.440548e-01	6.115690e-02	-1.767655e-01	9.297122e-03	4.031163e-01	1.944701e-02	5.569722e-01	5.146656e-02	-3.338566e-01	-7.322998e-02	2.819236e-01	1.361892e-01	2.580633e-01	-6.169578e-01	-2.123972e-02	-7.609961e-01	-4.498281e-01	1.748828e-01	-3.010563e-01	6.867314e-02	4.466801e-01	1.529077e-01	-3.850931e-01	1.552378e-01	-4.872094e-02	-4.517889e-01	-1.797013e-01	-4.458438e-01	-9.768020e-02	-6.687228e-02	-1.583964e-01	-4.407663e-01	-4.092357e-01	1.192171e-01	-8.382819e-01	-3.790276e-02	-2.001220e-01	-1.828473e-01	5.561603e-02	1.366987e-01	-1.748302e-01	8.200432e-02	-3.994632e-01	-1.146546e-02	-8.727127e-02	3.690010e-01	-5.379942e-01	4.637108e-02	-4.189948e-01	2.947753e-01	1.125450e-01	2.385582e-01	-2.449514e-02	3.123162e-02	1.212818e-01	-9.678369e-02	3.285333e-01	-4.987348e-01	-1.649782e-02	2.182198e-01	-1.373126e-01	1.926560e-01	-1.072991e-01	-2.665140e-03	7.045276e-02	-6.098700e-02	4.002019e-01	-1.934320e-01	1.878958e-01	2.564948e-01	-1.348302e-02	-1.341138e-01	2.733803e-01	-7.142167e-01	2.970693e-01	-5.802484e-01	-1.984926e-02	-7.903650e-02	-3.067736e-01	1.203240e-01	1.424350e-01	3.144363e-01	4.634704e-03	-1.582102e-01	8.733675e-02	8.717389e-01	5.298787e-01	1.911259e-01	2.318146e-01	4.221305e-01	-5.563589e-01	-3.271760e-01	1.358442e-01	-2.889709e-01	-3.668754e-01	4.409820e-01	-2.880409e-01	-3.958345e-01	3.902654e-01	2.047561e-01	1.688529e-01	4.037527e-01	1.536850e-01	1.872836e-01	-1.044871e-01	8.551066e-02	2.747404e-01	5.018811e-01	6.286546e-03	-1.180980e-01	2.564920e-01	3.458859e-01	-2.631881e-02	3.673519e-02	1.283899e-01	4.092414e-01	5.655548e-02	2.727890e-01	-2.008752e-01	-3.053768e-01	2.998495e-01	-5.567919e-02	2.812245e-01	-3.879729e-01	-7.121868e-02	3.464761e-01	5.463964e-01	1.973299e-01	-6.148938e-01	9.101495e-01	-4.437308e-01	-3.164949e-01	-2.471264e-02	-5.292631e-02	1.861678e-01	-7.192660e-01	4.823768e-01	-1.975239e-01	-2.494439e-03	-5.200900e-01	3.724131e-01	2.205277e-01	-2.457389e-01	2.514673e-01	-7.951790e-02	3.067517e-01	1.200803e-01	1.155573e-01	1.563902e-01	3.708601e-02	-9.532145e-02	2.450138e-02	9.945484e-02	3.287844e-02	6.430192e-01	4.236659e-01	-4.325383e-02	-2.501019e-02	6.810470e-02	2.571732e-01	-4.282385e-01	-1.592434e-01	8.935347e-02	8.037297e-01	-3.439707e-01	4.252076e-01	1.730149e-01	7.496961e-03	3.485907e-01	-5.767125e-01	5.119263e-01	4.454583e-02	6.301405e-01	3.182045e-01	3.768395e-01	1.186093e-01	5.775536e-02	1.918543e-01	2.895618e-01	-6.060417e-02	-4.283470e-01	-5.401493e-02	-6.332757e-02	-1.386156e-01	-5.207271e-01	2.252623e-01	-4.963884e-02	2.690763e-01	-1.098714e-02	7.947640e-03	-2.689024e-01	1.527152e-01	-2.123780e-01	-2.348838e-01	-1.054239e-01	2.841188e-01	-2.504035e-01	-3.491965e-01	-3.313424e-02	4.707548e-01	-5.632501e-01	2.042969e-01	-3.714195e-01	5.379577e-01	2.779176e-01	-4.186213e-01	3.871374e-01	-9.827168e-02	2.592767e-01	1.052880e-01	4.174549e-01	-1.425175e-01	9.102549e-02	4.300693e-01	-4.181854e-01	4.045532e-02	-4.057923e-01	-1.482571e-01	8.453478e-02	4.512698e-02	-2.708536e-02	-5.424691e-01	4.187583e-01	1.674030e-01	-2.069882e-01	-1.854684e-02	-3.871173e-01	-2.170496e-01	-1.876822e-01	2.907149e-02	-2.360107e-01	-1.782886e-01	-1.262529e-01	4.599742e-01	8.631474e-02	-2.268055e-01	2.732064e-01	-2.647810e-01	-2.390320e-01	1.926073e-01	1.417279e-01	-2.325720e-01	-3.277245e-01	1.617329e-02	4.048571e-01	3.445303e-01	2.050983e-01	-1.243939e-01	1.765112e-01	-4.643374e-02	1.444043e-01	-1.616745e-01	4.704971e-02	-1.666311e-01	1.754009e-01	9.919992e-02	3.297609e-01	-3.578485e-01	2.837934e-01	5.383813e-01	-1.428101e-01	-1.928197e-01	-4.945369e-01	2.502611e-01	-4.531385e-01	-7.449075e-04	9.534704e-02	-9.136122e-02	-1.147388e-01	-4.438601e-01	2.194141e-01	-4.728417e-02	-1.156212e-01	-2.045092e-01	9.458137e-01	-1.263409e-01	2.489016e-01	-1.749590e-01	-7.849059e-02	-5.908885e-02	6.208799e-02	3.145442e-01	4.027033e-01	5.181815e-02	-2.850170e-01	-5.465110e-01	-6.929312e-02	-2.570587e-02	1.138535e-01	3.862398e-01	-1.135025e-01	-1.712290e-01	-2.687871e-01	-2.129475e-01	3.784947e-01	-7.786157e-02	-3.472216e-01	3.824635e-01	2.455463e-01	4.126862e-01	-3.403952e-01	-1.908671e-01	1.430413e-01	-3.396668e-01	9.243266e-02	-6.951231e-02	8.247615e-02	-1.216475e-01	-1.031741e-01	1.609167e-01	1.819666e-01	1.328674e-01	5.294413e-01	1.518871e-01	-5.096731e-02	4.128058e-02	4.783394e-03	8.257403e-02	-2.013090e-01	-1.829128e-01	3.316078e-01	-4.253166e-02	-1.276659e-02	2.660269e-01	1.124489e-01	-2.709392e-02	-2.273780e-01	-5.911558e-01	-5.568155e-01	2.998227e-01	-1.817349e-01	3.851859e-01	-1.139429e-01	-1.352202e-02	-2.514985e-01	-8.814862e-02	3.769009e-01	-1.899309e-03	1.974637e-01	-2.007091e-01	-6.318032e-01	3.805307e-01	-2.807873e-01	9.710963e-02	3.791633e-02	-3.142229e-02	-8.390031e-02	2.984743e-01	3.081062e-01	8.342005e-02	-8.235275e-02	-3.848408e-01	-1.627031e-01	-1.501470e-01	-1.919140e-01	-3.922416e-01	2.804859e-01	8.254489e-02	2.224595e-01	-4.282038e-01	2.787779e-01	-1.455838e-01	6.088074e-02	-4.587266e-02	-3.186515e-05	-3.221101e-01	-1.544676e-01	-5.508081e-01	-4.160925e-02	-1.872662e-01	-4.991529e-01	3.776777e-01	-5.632346e-02	2.771232e-01	-4.492317e-02	9.473433e-02	3.324665e-01	-1.174096e-01	4.008396e-01	-3.897352e-01	7.932203e-02	2.684624e-01	-2.744955e-01	1.395618e-01	5.416878e-01	2.761025e-01	-2.391911e-02	1.824285e-01	-6.739885e-02	1.042748e-01	1.151058e-03	-3.071663e-02	2.685527e-01	-1.184767e-01	8.782435e-02	1.719890e-02	-1.541472e-01	5.786470e-01	2.796456e-01	-3.614064e-01	-3.573520e-01	-5.450065e-01	2.520131e-01	-1.988217e-01	-1.393150e-01	3.780853e-02	2.601341e+00	-7.780975e-02	-2.040381e-01	-3.776541e-03	-1.529198e-02	9.681787e-02	-9.206865e-02	-9.589336e-02	-1.304129e-01	1.197778e-01	-8.370065e-02	-5.644224e-01	2.147360e-01	2.570181e-01	-5.203294e-02	5.056463e-01	6.467881e-02	1.484537e-02	-3.449550e-02	2.012332e-01	2.576641e-01	-5.103141e-02	-3.777591e-01	-4.423714e-01	-1.876370e-01	-3.761248e-01	6.635406e-02	1.098360e-01	-6.514385e-01	-1.333474e-01	-3.483914e-01	3.769121e-01	-2.532926e-01	-6.549579e-01	5.869036e-02	8.948518e-02	-9.947616e-02	
1.857143e-01	-4.921740e-01	6.099560e-01	3.033177e-01	3.510248e-01	3.913593e-01	-2.431947e-01	-3.318406e-02	-5.459403e-02	-1.980320e-01	2.227063e-02	7.420426e-01	-1.738026e-01	2.463008e-01	5.531629e-02	-3.073466e-01	5.746552e-01	-5.848952e-01	-1.130684e-01	6.043097e-02	5.464488e-02	1.892492e-01	1.232486e-01	2.362025e-01	-2.653305e-01	6.576118e-01	-5.050045e-01	-9.624942e-02	-3.003110e-02	-7.156776e-01	-5.121312e-02	3.304454e-01	-7.719292e-02	6.032774e-01	2.185018e-01	-1.120599e-01	-2.923139e-01	3.412677e-01	4.165981e-01	-3.184067e-01	-2.695175e-02	-1.784823e-01	-4.462879e-01	-1.226483e-01	1.514972e-01	-6.117073e-01	1.695508e-01	7.886779e-02	2.568731e-01	6.055549e-01	1.671767e-01	-2.210811e-01	-8.831667e-02	8.700030e-02	-9.197615e-03	2.320104e-01	-6.998567e-02	-1.036335e-01	6.876197e-03	3.973478e-02	8.890487e-02	1.289378e-01	-4.092526e-01	-2.602870e-01	3.110881e-02	2.004841e-01	9.091176e-02	1.481785e-01	2.108386e-01	7.868832e-01	-5.420928e-01	-9.438746e-03	1.308515e-01	1.506345e-02	-4.960597e-01	9.325984e-01	1.484510e-01	-1.160541e-01	-5.945006e-01	-3.826973e-01	5.265313e-01	7.354849e-01	-1.111586e-01	3.541578e-01	-1.242151e-01	3.303861e-01	7.496283e-01	-1.087327e-03	6.794739e-01	-3.277050e-01	1.376973e-01	-9.840021e-02	8.174426e-01	8.163374e-02	-4.607614e-01	4.849795e-01	4.955399e-01	2.420361e-01	-1.544071e-01	2.447135e-01	-1.377406e-01	-5.454993e-02	8.144817e-01	-1.525116e-01	1.639671e-01	-1.586133e-01	7.561819e-02	-2.821361e-02	-3.354158e-05	3.389740e-01	3.096015e-01	4.281442e-01	-8.910710e-02	-5.018138e-01	3.172616e-01	-4.258338e-01	-3.876348e-01	1.165275e-01	4.319382e-01	-3.898871e-01	5.524595e-02	-1.943451e-02	-1.861125e-01	4.119038e-01	3.368917e-01	-5.209985e-01	2.498495e-02	-2.500105e-01	-1.706382e-01	2.022637e-01	-5.217748e-01	1.930613e-02	-7.536380e-03	2.268163e-01	2.397405e-01	-6.004219e-02	2.222825e-01	-4.522711e-02	-4.653849e-02	9.534500e-01	-7.871473e-02	2.670991e-01	-2.746098e-01	-5.200896e-01	-3.384552e-01	-2.772936e-01	-1.003559e-01	2.099187e-01	-4.493269e-01	-5.285527e-01	-1.344026e-01	3.790568e-01	3.491965e-01	3.453839e-01	9.988225e-02	1.745504e-01	6.411319e-01	2.760847e-01	-2.662968e-01	1.303408e-01	-2.133983e-01	1.448569e-01	-1.637131e-01	-1.421342e-01	-1.411307e-01	-2.326407e-01	1.100101e-01	-1.563980e-01	-7.224159e-02	1.979632e-01	-3.749833e-01	1.120137e-01	-2.574882e-01	1.246665e-01	5.210019e-01	2.876212e-01	1.714717e-01	-7.760317e-02	-2.802600e-01	-3.033315e-01	-7.198604e-01	1.503477e-01	4.763566e-03	2.212091e-01	8.795034e-03	-1.619364e-01	9.991373e-02	2.756961e-02	-2.056644e-01	-7.040067e-02	-1.917764e-01	-6.732225e-02	-2.631563e-01	1.160663e-01	-1.053524e-01	7.277283e-01	-2.204807e-01	4.849295e-01	-2.164224e-01	7.381615e-02	-4.718130e-01	2.013142e-01	-5.215300e-02	2.215329e-01	-3.784024e-01	3.457965e-01	-8.222118e-02	1.556168e-01	-9.417141e-02	9.275520e-01	-3.393734e-01	-2.977711e-01	5.506930e-01	6.026703e-02	7.714871e-01	3.938269e-01	1.551214e-01	-1.469814e-01	-1.072298e-01	1.843304e-01	3.218547e-01	3.806739e-01	-2.406741e-02	-5.281355e-02	-1.647973e-01	-4.571737e-01	1.013417e-03	2.172520e-01	-3.115171e-01	-2.884826e-01	-6.887356e-01	-1.396194e-01	-5.069199e-01	3.077818e-01	-2.514724e-01	1.083323e-01	5.823727e-01	-2.255031e-01	-1.542036e-01	-4.515163e-02	-1.624174e-03	2.730050e-01	-1.732178e-01	-4.715075e-01	3.173808e-02	-2.247913e-01	-4.719627e-02	-1.711218e-01	2.136872e-01	-1.663625e-01	-3.829431e-01	2.068830e-01	2.402797e-01	2.106154e-02	-3.989789e-01	1.978592e-01	-4.103129e-01	-1.449580e-01	1.871355e-01	-3.207918e-01	9.888647e-02	-4.298360e-01	-3.213102e-02	3.265948e-01	1.265364e-01	1.719177e-01	1.538839e-01	-1.344476e-01	-8.067906e-02	1.168357e-01	-4.144287e-01	4.220986e-01	4.031878e-01	5.168220e-02	-5.919220e-02	1.905059e-01	3.998994e-02	-4.313714e-02	-2.555552e-01	4.789343e-02	2.767051e-01	-2.849623e-01	-8.942901e-02	9.774062e-02	-6.556869e-01	-2.712941e-01	2.327100e-01	-2.666410e-01	9.243921e-01	-1.612960e-01	-2.920422e-02	-5.390809e-01	1.212241e-01	2.037015e-01	-2.088124e-02	-1.793297e-01	-3.655362e-01	-1.810080e-01	-3.322833e-01	-1.467739e-01	-9.667877e-02	6.399930e-01	-1.596671e-01	2.095393e-01	-6.019477e-01	1.747828e-01	-1.517382e-01	-4.111595e-01	9.511408e-01	-2.103697e-01	-2.975778e-01	2.780152e-01	-1.662258e-01	3.267325e-02	4.699041e-01	-2.342538e-02	2.124228e-01	-1.325593e-01	-5.488377e-01	2.315044e-01	-1.567086e-01	2.625552e-01	4.491997e-01	5.240179e-02	-2.881534e-01	2.373707e-02	2.494236e-01	-2.258634e-01	1.681097e-01	3.152065e-01	-4.664386e-01	1.233437e+00	-1.070956e-01	-5.398793e-01	1.518013e-01	-1.294113e-01	-3.910006e-01	2.093056e-01	-5.221415e-01	-3.642291e-01	-8.487167e-02	-4.895138e-01	6.587391e-01	-2.829736e-01	1.172982e-03	-1.873296e-01	-2.812933e-01	9.849069e-01	6.206451e-02	-4.813245e-01	1.454355e-01	2.813989e-01	2.530603e-01	1.402534e-01	-3.675711e-01	2.479216e-01	-3.591548e-01	-8.996782e-02	1.664610e-01	-1.639324e-01	-3.599671e-02	-4.189033e-03	1.419832e-01	-2.428123e-01	-2.985484e-01	-6.257645e-02	-2.757197e-01	1.685447e-01	1.616262e-01	6.985588e-01	3.146533e-01	6.222809e-01	-4.922039e-01	-8.901962e-01	3.261563e-01	9.208599e-03	-2.998237e-02	-5.003043e-01	1.104347e+00	-2.864894e-01	-4.497629e-01	-3.021609e-01	-3.892736e-01	-7.153764e-02	2.122513e-01	2.778138e-01	2.592858e-01	-5.775632e-02	5.246094e-01	2.431629e-01	-1.170645e-01	4.085315e-01	-8.983767e-02	-2.747337e-01	-1.208685e-01	2.056329e-01	3.288654e-01	3.792446e-02	-4.828927e-01	-4.560676e-02	3.535642e-01	-5.183533e-02	1.106230e-02	3.504576e-01	6.199519e-02	6.033696e-01	8.017179e-01	8.797738e-02	2.756729e-01	2.587647e-01	1.374405e-01	2.862675e-01	5.946976e-01	5.761227e-01	5.992600e-02	4.198554e-01	-8.401195e-01	1.002046e-01	1.694476e-01	1.768693e-01	2.703926e-01	-2.823525e-02	-1.331932e-01	-1.497782e+00	-1.644420e-02	2.440434e-01	-3.076945e-01	-1.234606e-02	-3.100583e-01	-3.316782e-01	-3.129918e-01	3.954505e-01	-8.406709e-02	-4.141237e-01	1.394868e-01	-1.688438e-01	2.308530e-01	-1.213538e-01	-3.475660e-01	-1.189110e-01	5.319309e-02	6.848857e-03	1.343442e-02	1.368470e-01	-2.373113e-01	3.846041e-01	-6.285028e-01	-3.506458e-01	-2.479541e-02	5.718843e-01	-8.152784e-02	-1.027774e-01	-1.570087e-01	-1.408382e-01	-2.243374e-01	-6.694548e-02	-1.827892e-01	1.724162e-01	-5.667174e-02	-7.467372e-01	-1.836610e-01	1.116273e-01	5.738842e-01	-9.323452e-02	1.292011e-01	-6.559067e-01	-4.379683e-01	-2.457231e-01	3.743554e-01	3.149962e-01	-2.031234e-01	-2.294516e-01	-6.416468e-02	-2.083355e-01	1.738632e-01	1.123403e-02	-1.270813e-01	-4.291789e-01	2.438427e-01	-3.964357e-01	7.176127e-02	1.041957e-01	1.054486e+00	-7.938081e-02	8.497991e-02	1.452411e-01	1.654103e-01	1.050806e-01	2.314778e-01	5.712808e-02	3.168744e-01	-1.791345e-01	9.679843e-02	-6.103581e-01	1.095128e-01	-1.550537e-01	-4.158009e-01	-4.879629e-01	4.250821e-02	1.064748e+00	5.094677e-02	4.157976e-01	-1.975552e-01	-3.019800e-02	-1.308714e-01	-1.090316e-02	-1.551503e-01	2.075695e-01	-2.947912e-01	-4.262431e-01	-6.169736e-02	-1.058103e+00	-5.140470e-01	6.184778e-02	-3.270366e-01	8.853699e-02	3.109123e-01	-4.313911e-01	5.730301e-02	2.371783e-01	-5.756267e-01	-6.341798e-02	1.910925e-01	-5.805651e-01	-3.696851e-03	-5.580940e-01	7.922415e-02	-1.787435e-01	-2.320948e-01	-4.539723e-01	-1.138483e-01	1.099465e-01	-1.054080e-01	7.659426e-01	-2.787977e-03	8.563777e-01	3.039390e-01	5.316095e-01	2.179634e-01	1.589172e-01	3.249707e-01	-8.637604e-02	-2.409249e-01	2.087139e-01	2.237499e-01	4.233812e-01	4.497521e-02	1.424430e-01	-1.910490e-02	-5.103593e-01	7.402228e-02	-4.669707e-01	6.215883e-02	-3.602071e-01	8.863790e-02	4.621824e-01	2.561666e-01	-3.554555e-01	4.998332e-01	-4.172393e-02	-1.297592e-01	-1.067207e-01	1.152254e-01	-7.356227e-02	2.047726e-02	4.453649e-02	-6.516390e-04	-2.192728e-01	2.238842e-01	3.400615e-01	-1.794131e-01	4.830957e-01	5.743485e-02	4.921305e-01	6.316851e-02	2.730862e-01	-1.171794e-01	3.647324e-01	4.383110e-01	1.630724e-01	-3.622060e-01	-4.705907e-01	-1.645232e-01	-1.272222e-01	1.714461e-01	-4.197628e-02	-3.321835e-01	2.934223e-01	4.194415e-02	-9.298263e-02	2.364077e-01	3.530453e-01	-1.111761e+00	4.905102e-02	3.268898e-01	-2.123195e-01	-2.033881e-01	-2.518364e-01	2.778564e-01	1.803036e-01	1.735401e-01	-2.127171e-01	-4.455223e-01	-3.616946e-01	-6.825868e-01	-7.236786e-02	1.725727e-01	-1.292931e-01	-7.328811e-02	-1.788830e-01	4.858785e-02	-2.405506e-01	-1.881458e-01	-3.736397e-01	1.196089e-01	-5.231354e-01	-4.625439e-01	3.366784e-02	-2.740440e-01	9.068766e-02	4.198955e-01	4.756303e-02	4.381193e-01	7.155199e-02	3.322042e-01	2.902647e-01	1.569913e-01	-1.169899e-01	1.612561e-02	-1.695228e-01	3.200602e-01	2.817928e-01	-8.722935e-02	-1.807431e-01	7.370654e-02	3.074808e-01	-3.357210e-01	6.782552e-02	3.516923e-02	4.689752e-01	-2.546214e-01	7.161002e-02	1.727362e-01	-1.385869e-01	-2.937164e-01	1.734354e-01	-4.181850e-01	3.561520e-01	-4.101682e-01	-2.128940e-01	6.172081e-01	-8.845858e-02	2.550905e-02	-8.369412e-02	-3.156562e-01	6.224278e-01	1.159385e-01	-1.405469e-02	-1.539509e-01	-1.341619e-01	4.046271e-02	5.083584e-01	4.750367e-02	-4.392717e-01	-3.666027e-01	1.649389e-01	-8.249911e-01	-1.895961e-01	4.159967e-01	1.427466e-01	-1.286193e-01	1.421390e-01	2.734220e-01	1.506033e-01	2.182805e-01	4.283724e-02	-6.477334e-02	4.361146e-01	3.176796e-02	-4.559151e-02	5.309647e-02	-7.169944e-02	4.783569e-02	-1.353327e-01	-3.433682e-01	6.252702e-02	-1.389053e-01	-2.882312e-02	-1.054827e-01	1.537322e-01	-2.366896e-02	5.651383e-03	1.439721e-01	1.311802e-01	-7.064804e-01	-2.016522e-02	1.224476e-01	2.514378e-01	5.159900e-01	1.579767e-01	2.263827e-01	-6.876392e-01	1.598594e-01	-1.784241e-01	-4.120608e-01	-3.811799e-01	-2.642547e-01	-4.528538e-01	-6.790095e-02	5.045794e-01	5.672083e-01	-3.672563e-01	3.292974e-02	-3.951078e-01	1.463833e-01	-7.015032e-02	-1.878819e-01	-5.736004e-01	-4.060186e-01	4.952198e-01	2.279851e-01	-2.934382e-02	-5.825790e-01	1.553611e-01	2.229724e-01	4.316140e-04	2.135274e-01	1.364453e-01	7.552993e-02	-1.839093e-01	1.689695e-02	-1.457218e+00	-1.257518e-01	7.460110e-02	3.869493e-01	-2.215277e-01	1.496152e-01	2.435057e-01	-2.498301e-01	4.027482e-02	2.901154e-01	-4.129553e-01	-9.741608e-02	-2.791381e-01	-4.812116e-01	1.339172e-01	3.414287e-01	-1.519147e-01	3.155281e-01	-3.527001e-01	-5.720519e-01	1.471675e-01	-1.231727e-01	-2.200278e-01	-1.106698e-01	1.906154e-01	-4.405290e-01	4.605487e-01	1.323726e-01	9.063038e-02	-4.336497e-01	-7.869002e-01	2.109879e-01	-2.509883e-01	-2.215514e-01	-1.133568e-01	1.075320e-01	2.250175e-01	2.732769e-01	-5.102508e-01	2.428079e-01	5.653124e-01	3.778346e-01	3.041892e-01	-3.638182e-01	-3.642640e-01	-7.240861e-02	-6.412201e-01	1.394902e-01	5.811905e-01	-2.736067e-02	1.485272e-01	1.012910e-01	-4.220381e-01	1.451025e-01	-3.072783e-01	-7.485781e-02	-2.833585e-01	4.374578e-01	9.531384e-01	-5.302684e-01	5.719323e-01	-4.732991e-01	1.633073e-01	-5.149677e-01	-2.560309e-01	6.618884e-03	-1.971995e-01	-7.250017e-03	5.109302e-01	-1.636322e-03	4.801393e-01	2.209481e-01	-1.545435e-01	-2.516307e-01	7.151955e-02	1.468802e-03	1.687097e-02	-7.445417e-02	-1.221090e-01	-6.740519e-01	1.408034e-01	6.761100e-02	-7.688598e-01	2.319615e-03	2.605812e-01	2.567440e-01	2.752798e-01	3.657019e-01	-2.581561e-01	6.479843e-02	2.217774e-01	-2.131427e-01	2.416384e-01	-2.879017e-01	-4.015222e-01	-2.219926e-01	-2.809961e-01	3.244459e-01	-2.367586e-02	-1.220049e+00	-4.161247e-01	4.183098e-01	1.253989e-01	3.850429e-01	-3.074322e-02	3.488726e-01	1.661546e-01	-6.888393e-01	2.829983e-01	-3.314932e-02	-4.624748e-01	-3.455980e-01	1.331808e-01	-2.537921e-01	-1.964488e-01	-3.959053e-02	7.635438e-02	6.494215e-01	4.579917e-01	-7.682732e-02	1.727308e-01	-2.388368e-01	6.184028e-01	5.288225e-01	-8.419523e-02	2.887540e-01	-2.032238e-01	3.395265e-01	-3.106832e-02	6.372329e-01	-2.297475e-01	-9.283769e-01	-4.342827e-02	1.057721e+00	4.489505e-01	7.760941e-03	2.216809e-01	1.154411e-01	-4.571685e-01	-4.786554e-03	-3.243967e-01	8.727659e-02	6.631915e-02	-6.466731e-02	1.044444e-01	2.286108e-01	-3.892456e-02	3.054968e-01	7.343062e-01	-1.296104e-01	-7.630529e-01	-1.270718e-01	-3.217381e-01	-8.659509e-01	-2.633719e-01	1.060562e-01	-1.031713e+00	7.336063e-02	-3.222007e-01	9.903444e-02	5.596522e-02	4.401428e-01	-2.852696e-01	6.106384e-03	-2.688050e-01	-1.078141e+00	2.226905e-01	-2.251571e-01	-4.496213e-01	-1.067203e-01	3.745351e-02	-1.875436e-01	-4.070711e-01	2.493382e-01	-3.850345e-01	1.405487e-02	1.928473e-01	-1.652203e-01	3.110491e-02	-1.865513e-01	-2.767524e-01	-4.721773e-01	-3.409258e-01	-3.083159e-01	-2.070033e-01	-3.669145e-01	-9.998468e-01	-3.359476e-01	3.259169e-01	-2.233253e-01	3.650988e-01	6.886477e-01	-1.599172e-01	2.391752e-01	1.760031e-01	-6.164061e-01	-1.348269e-01	-6.969976e-01	2.857831e-01	2.205570e+00	-7.954532e-01	-8.883997e-03	-1.962361e-01	-1.382992e-02	-2.191495e-02	3.701479e-01	-2.262999e-01	-6.902755e-01	1.763157e-01	2.940585e-01	-2.626794e-02	3.731410e-01	6.237131e-01	6.194882e-02	-2.818010e-01	-1.636335e-01	-3.255874e-01	-3.032800e-01	-1.907018e-01	3.861884e-02	6.795382e-02	-2.225401e-01	-5.008433e-02	2.848086e-01	3.628263e-01	-1.243812e-01	7.369170e-01	-4.175944e-01	-3.318883e-01	-5.471327e-01	1.880794e-01	-4.509233e-01	5.580829e-01	-1.171425e-01	2.673803e-01	-7.136793e-01	8.858288e-02	-1.192911e-02	1.898021e-01	-1.758160e-01	4.699570e-02	-4.401023e-01	1.772752e-01	-6.551218e-01	5.211255e-01	-1.538785e-01	5.116545e-01	-4.745084e-01	-3.787696e-01	1.652661e+00	-3.149760e-01	5.113358e-01	4.606991e-01	2.870492e-01	-3.857138e-01	-7.105474e-01	8.407815e-02	-5.191686e-01	5.568964e-01	-4.484243e-01	-4.567797e-03	2.000162e-01	-9.912858e-01	2.638671e-01	-3.032902e+01	-1.663024e-01	2.166077e-01	-7.591448e-01	5.260467e-01	-5.979339e-01	1.068744e-01	-1.329623e+00	9.942786e-02	7.811819e-01	-4.347850e-01	-2.966945e-02	-1.217502e-01	3.644144e-01	3.807866e-01	-2.207253e-01	-5.617480e-01	-6.732176e-01	-3.796130e-01	3.083116e-01	-1.875478e-02	1.587621e-01	-2.780756e-01	-6.789451e-01	2.766680e-01	6.387304e-02	6.214489e-01	-5.065926e-01	2.113595e-02	-7.408339e-01	-2.184820e-01	-1.377063e-01	-2.646521e-01	-4.285582e-01	8.099683e-02	3.357014e-01	5.245591e-01	3.184103e-01	1.638879e-02	-5.507540e-02	-4.087005e-01	3.510517e-01	5.972642e-02	-5.221897e-01	4.429042e-01	1.562726e-01	3.567525e-02	-1.085415e-01	8.007336e-02	-6.719036e-01	4.140355e-01	-7.931256e-02	3.450495e-01	4.404771e-01	-1.324476e-01	9.596132e-02	-4.548601e-02	-4.885844e-01	-3.307558e-01	3.404876e-01	5.976260e-02	1.018309e+00	3.785559e-02	8.659848e-02	-4.387409e-01	-1.400909e-01	-6.538069e-02	-1.673166e-01	4.686743e-02	2.240774e-01	-4.818501e-01	-3.858092e-01	-8.217204e-01	-2.022547e-01	7.845310e-01	-1.505956e-01	5.519418e-01	-4.496934e-01	2.086275e-02	-5.586867e-02	-2.009761e-01	3.707685e-01	-2.644111e-01	-6.722696e-02	-8.243439e-02	-2.946239e-01	-1.399257e+00	6.248366e-01	-3.476191e-01	2.095807e-01	-1.042208e-01	-1.803439e-02	3.978390e-01	-5.679163e-02	4.248299e-01	7.604094e-01	-9.856936e-02	-4.337844e-01	-1.638382e-01	1.213368e-02	-7.829514e-02	9.005188e-02	1.796723e-01	-3.559035e-01	3.830433e-01	-2.428073e-02	-5.621281e-01	1.993574e-01	-2.354854e-01	-8.012909e-01	9.056737e-02	-7.224315e-01	1.295491e-02	-3.065075e-01	-1.036569e+00	4.065560e-01	-3.960690e-02	-3.331103e-01	1.869690e-02	-3.778167e-01	-2.853554e-01	2.002833e-01	-1.040770e-01	-2.754861e-02	4.172191e-01	1.477799e-01	5.420243e-02	-2.288484e-01	2.336186e-01	-5.426352e-02	-7.840465e-01	1.953510e-01	-5.640646e-01	-2.294927e-02	-5.836186e-01	-4.173393e-02	-5.770255e-01	1.596723e-01	-4.217515e-01	-2.137742e-01	-1.434779e-01	2.183170e-01	3.444250e-01	5.404400e-01	-3.103645e-01	-2.905950e-01	-4.251876e-01	5.806711e-01	-1.412814e-01	3.508931e-02	-5.252553e-01	4.299676e-01	-2.332385e-01	-8.351878e-01	-6.414334e-02	-7.715340e-01	2.862422e-01	1.000080e-01	5.246454e-01	4.627902e-01	5.814026e-02	3.687547e-02	6.394014e-01	-1.987006e-01	3.072557e-01	-3.495918e-01	-6.172321e-01	1.011633e-01	-1.780106e-01	1.982255e-01	3.734686e-01	-7.642489e-01	-1.058072e-01	2.606385e-01	2.782264e-02	-3.046188e-01	-1.877892e-01	1.557581e-01	6.642784e-01	5.335997e-01	3.996664e-02	7.023380e-01	4.301333e-01	4.895385e-01	6.749365e-02	4.649005e-01	-4.839486e-02	-3.481682e-02	1.439841e-01	-3.190417e-01	-1.992352e-02	1.211527e-01	-3.539431e-01	-5.043148e-02	-1.430286e-01	-5.177510e-01	-6.680726e-01	-8.060292e-02	4.792154e-01	-2.751470e-01	-1.088803e-01	-8.490254e-02	-3.755671e-01	1.566323e-01	1.013574e+00	3.593824e-01	-3.683398e-01	3.101398e-01	3.655467e-03	4.754440e-01	1.643640e-02	-2.326340e-01	-3.673422e-01	1.265968e-01	1.061002e-01	-4.354706e-01	-6.820259e-02	-1.782747e-01	2.987490e-01	-8.272953e-01	-6.840145e-02	-2.087728e-01	3.241097e-01	-2.304723e-01	6.287260e-01	6.842259e-02	-5.261473e-01	4.552099e-01	-8.573562e-02	-3.351722e-02	3.813411e-01	-6.853952e-02	-2.537361e-01	-5.464976e-01	1.707747e-01	1.130955e-01	-1.995603e-01	-3.584344e-01	-6.226383e-01	-2.417529e-01	-5.556145e-01	3.950621e-01	3.369745e-01	3.535033e-01	-5.743124e-01	-5.384359e-02	9.142840e-02	-2.736365e-01	1.337871e-01	-6.817849e-01	-6.815599e-01	3.493581e-01	5.656513e-03	6.899235e-01	-2.660139e-02	1.213583e-01	4.390032e-02	3.443742e-01	6.394526e-02	-1.931750e-01	3.114009e-01	9.739516e-01	-3.414559e-02	6.429983e-01	-3.956411e-01	2.497245e-01	5.466942e-02	-1.229237e-01	1.744839e-01	-3.908347e-01	-5.208447e-01	5.976933e-01	1.286707e+00	5.196004e-01	2.781331e-01	-3.915998e-01	5.430344e-01	7.875043e-02	5.495706e-02	-3.025471e-01	2.083334e-01	-3.875333e-01	-7.794999e-01	1.793607e-02	3.187488e-02	-2.841364e-01	-1.831490e-01	-5.820287e-01	-6.499836e-02	1.236793e-01	-4.121020e-01	1.648962e-02	-1.720808e-01	-7.228658e-01	-3.648643e-01	8.238961e-02	-8.625503e-01	-4.630543e-02	-1.240036e-01	2.292888e-01	-5.028484e-01	-3.532103e-01	-5.875803e-01	-2.738037e-01	2.745948e-01	-3.230077e-01	9.763652e-01	-2.810335e-02	5.461575e-01	5.866033e-01	6.766932e-01	1.737318e-01	-3.256427e-03	6.427941e-01	-5.289983e-01	-1.102107e-01	-2.401113e-01	5.173818e-02	-1.095032e-01	1.576468e-01	2.848910e-01	2.968212e-01	-5.063408e-01	-3.993879e-01	-1.000201e+00	-4.924782e-01	-4.783026e-01	2.624775e-01	4.143708e-01	2.120675e-01	4.346309e-03	6.224847e-01	-7.363403e-03	2.501310e-01	-5.834201e-02	-9.117369e-02	-3.570016e-02	-4.351613e-01	5.294343e-03	3.055490e-01	-2.258612e-01	3.916747e-01	3.115138e-01	-4.016052e-01	4.653955e-01	2.131205e-01	-2.386699e-02	1.189372e-01	1.074166e-01	-2.937019e-01	5.679494e-01	6.095341e-01	1.614080e-01	-4.085037e-01	-4.643865e-01	-2.823676e-01	1.172703e-01	5.062052e-01	2.193672e-01	-6.439666e-01	-1.924408e-02	-2.815582e-01	6.227759e-02	1.249309e-02	1.886858e-01	-6.991752e-01	-2.261654e-01	-2.399413e-01	3.080698e-02	-3.946663e-01	-1.655683e-01	5.116628e-01	7.083690e-01	-1.537347e-01	7.639772e-02	-5.975385e-01	-3.860606e-01	-1.917134e-01	-1.952932e-01	3.042034e-01	1.674691e-01	4.890736e-02	3.286368e-01	-1.651210e-01	-4.477054e-01	3.219205e-01	-4.173384e-01	4.384640e-01	-1.113460e-01	-2.113924e-01	-7.598873e-02	-5.218299e-01	-1.223941e-01	5.293692e-01	1.227212e-01	3.595598e-01	3.131839e-01	5.892797e-01	5.681124e-02	-1.559757e-01	-7.383437e-02	-1.872562e-01	-1.492495e-02	3.967308e-01	2.453914e-01	-2.382684e-01	-4.845706e-01	1.649861e-01	1.547387e-01	-5.752682e-01	4.351727e-01	3.247106e-01	6.441815e-01	-2.326071e-01	-8.449975e-02	6.287622e-02	3.274140e-01	-5.420392e-01	-2.800403e-02	-7.494614e-01	1.702858e-01	-2.773824e-01	-8.243262e-02	2.352771e-02	-1.721138e-01	-4.829351e-01	-2.864844e-01	-4.054543e-02	4.905841e-01	4.066447e-01	7.872874e-03	7.807394e-01	-2.123839e-01	-9.108892e-01	2.120258e-01	-2.325320e-01	-2.142954e-01	-2.460582e-01	1.515012e-01	-3.831218e-01	-1.519447e-01	4.423854e-01	1.747877e-01	-2.692395e-01	-1.730773e-01	8.429822e-01	-4.287258e-01	-2.615653e-02	-3.332390e-02	-3.637898e-01	4.787807e-01	-2.305294e-01	-1.665065e-01	5.640198e-01	7.568678e-02	-2.178480e-01	1.716791e-01	-8.236737e-01	3.945369e-02	-1.546778e-01	-4.856575e-01	2.174411e-01	1.838404e-01	-6.999577e-01	-6.949729e-01	-4.361653e-01	5.191429e-01	-5.588334e-01	-1.440632e-01	3.208888e-01	4.384679e-01	6.459075e-01	3.684999e-02	3.749548e-01	-9.729160e-02	2.250249e-02	4.606290e-01	-2.553529e-01	-7.021967e-01	1.861237e-01	-5.415978e-01	-1.767346e-01	7.801822e-01	4.573704e-01	-1.952512e-01	-6.963069e-03	-1.220594e-01	3.454280e-01	3.940773e-01	5.414331e-02	-3.440040e-01	-7.639117e-01	5.727937e-01	5.451131e-01	-3.338371e-01	-2.502585e-01	1.772494e-01	-6.055009e-02	1.046070e-01	3.725372e-01	-1.055627e-01	-2.809635e-01	2.570878e-01	2.341190e-01	1.812443e+00	-5.438645e-01	-3.210203e-02	9.358057e-02	-1.823806e-01	5.341542e-01	-3.855774e-01	-9.002361e-02	-6.606116e-02	2.447959e-01	-2.203458e-01	2.437637e-01	-5.006139e-02	-7.374435e-01	-1.077599e-01	3.331611e-01	-3.220565e-01	1.543826e-01	-5.106431e-02	-5.777398e-01	1.594631e-01	3.222965e-01	-7.454478e-01	-2.142285e-02	1.980458e-01	-5.780843e-01	4.957737e-01	6.056168e-02	-8.263593e-01	-9.085130e-01	-6.804405e-01	4.750276e-01	1.652016e-01	-7.402635e-01	-5.377513e-02	4.372001e-01	2.288542e-01	3.891544e-01	-4.091131e-01	-1.284776e-01	3.740578e-01	2.736928e-01	3.947881e-01	-5.251345e-01	-3.927266e-01	9.349704e-02	-7.197440e-01	-3.632878e-02	4.844062e-01	8.817068e-02	6.498235e-02	1.229812e-01	-6.780724e-01	3.309574e-01	-3.106694e-01	-1.816543e-01	-1.183139e-01	3.894317e-01	9.318503e-01	-5.252749e-01	6.535640e-01	-4.190494e-01	4.849521e-03	-2.786500e-01	-1.680200e-01	1.471629e-01	-1.013001e-01	6.020065e-02	4.521334e-01	-1.293975e-01	3.482875e-01	3.024818e-01	4.345955e-02	-4.482533e-01	-2.646644e-01	7.173382e-02	3.363525e-02	2.244396e-02	-1.099694e-01	-3.549390e-01	4.227311e-01	-8.916502e-02	-6.532612e-01	-1.970461e-01	2.972094e-01	3.791075e-01	1.347174e-01	4.061158e-01	-2.320228e-01	2.265702e-01	3.571189e-01	9.576558e-02	1.933457e-01	-3.578647e-01	-4.912218e-01	-4.122554e-01	-2.328369e-01	3.518860e-01	-1.139872e-01	-1.019779e+00	-3.079273e-01	3.113005e-01	1.499151e-01	4.707701e-01	-1.546148e-02	2.382821e-01	2.282098e-01	-5.139772e-01	1.325379e-01	1.013929e-01	-4.115349e-01	-2.962468e-01	-1.758315e-01	-4.606754e-01	-2.430594e-01	-1.378456e-01	2.095929e-01	5.814909e-01	9.933107e-02	-9.214639e-02	1.599458e-01	-1.208936e-01	5.546923e-01	4.725939e-01	-2.151602e-01	9.834398e-02	-2.017929e-02	4.153959e-01	-6.654450e-02	5.140511e-01	-3.915177e-01	-7.287666e-01	-3.626814e-01	8.213955e-01	1.668134e-01	-1.807084e-02	2.248901e-02	1.234558e-01	-2.555922e-01	6.007196e-02	-1.444769e-01	4.892019e-02	2.264596e-01	-2.415233e-01	-3.712820e-02	1.249373e-01	-4.834822e-02	2.402357e-01	6.124835e-01	-1.749013e-01	-6.329727e-01	5.737735e-02	-3.821134e-01	-9.175923e-01	-1.917634e-01	-7.648039e-02	-6.156250e-01	-9.738082e-02	-2.443710e-01	2.304164e-01	-2.098635e-01	3.298559e-01	-2.021938e-01	-6.825015e-02	-6.377500e-03	-1.027275e+00	1.276880e-01	-1.442197e-01	-4.716465e-01	1.599212e-02	1.923938e-03	-4.827100e-02	-1.421091e-01	2.163915e-01	-4.824232e-01	3.681805e-02	6.164040e-02	-2.568092e-02	-1.843083e-01	-2.473332e-01	-3.193608e-01	-4.085729e-01	-3.040752e-01	-2.794648e-01	-1.779966e-01	-2.194997e-01	-7.793944e-01	-1.888906e-01	1.642167e-01	-1.420915e-01	3.794623e-01	7.791529e-01	2.698311e-03	2.071978e-01	-5.879912e-02	-4.944842e-01	3.913288e-02	-6.117916e-01	2.134771e-01	2.350605e+00	-4.894384e-01	2.145039e-01	-2.594132e-01	6.722874e-02	-1.217297e-01	2.805777e-01	-3.088107e-01	-5.369963e-01	9.052986e-02	2.025022e-01	6.272978e-02	6.294372e-01	5.777805e-01	2.012169e-01	-2.664191e-01	-2.455182e-01	-3.447808e-01	-4.085656e-01	7.733585e-02	3.087704e-01	1.783959e-01	-2.072978e-01	-1.620531e-01	2.335141e-01	3.264281e-01	-1.303946e-01	7.871897e-01	-2.182606e-01	-2.827829e-01	-5.745994e-01	2.589683e-01	-6.552887e-01	-2.745309e-01	1.702618e-02	3.316973e-01	-8.211324e-01	8.432661e-02	1.442403e-01	3.239689e-01	-2.692531e-01	1.440835e-01	-2.269844e-01	2.096589e-02	-7.644882e-01	6.697156e-01	-4.187141e-01	3.517646e-01	-3.312943e-01	-1.572393e-01	1.435094e+00	-5.373054e-01	4.009035e-01	5.307983e-01	2.643459e-01	-4.492902e-01	-5.072477e-01	1.232394e-02	-3.250084e-01	3.531318e-01	-5.198036e-01	1.989056e-01	2.261565e-01	-8.556708e-01	1.040476e-01	-2.436807e+01	-5.830443e-02	2.703784e-01	-4.567272e-01	6.049780e-01	-5.810741e-01	-5.650197e-02	-1.472885e+00	7.285320e-02	5.989670e-01	-6.189179e-01	1.692775e-01	-1.852769e-01	2.357393e-01	4.309921e-01	-2.365947e-01	-6.189083e-01	-5.747207e-01	-3.645120e-01	2.200800e-01	2.855948e-01	1.800542e-01	-1.357825e-01	-6.198456e-01	4.226271e-01	-2.207281e-02	7.825255e-01	-4.619710e-01	-6.834424e-02	-5.327478e-01	-2.949087e-01	-8.497283e-02	1.148875e-01	-5.588006e-01	-3.118424e-02	5.852960e-01	2.661152e-01	1.221586e-01	-2.264084e-01	-1.469703e-01	-4.209678e-01	5.965960e-01	3.091676e-02	-3.509938e-01	3.453176e-01	1.487583e-01	-6.777772e-02	2.688772e-01	2.385167e-01	-7.425295e-01	4.519207e-01	-2.247943e-02	5.800154e-01	7.321217e-01	-3.143967e-01	1.173612e-01	-8.002208e-02	-4.828171e-01	-1.750982e-01	3.489278e-01	-6.444997e-02	8.363587e-01	2.736242e-01	3.723439e-01	-2.146297e-01	-1.263876e-01	-1.573325e-01	-2.536342e-01	2.334186e-02	4.241263e-01	-3.258800e-01	-4.272878e-01	-7.862745e-01	-3.028277e-01	5.778959e-01	1.769987e-02	5.509899e-01	-3.253416e-01	-1.049070e-01	-1.993326e-03	-2.672385e-01	2.418231e-01	-2.154360e-01	-2.746742e-02	-7.707316e-02	-1.862508e-01	-1.300826e+00	7.602621e-01	-3.127788e-01	1.990960e-01	1.446682e-01	6.715176e-02	3.497889e-01	3.930676e-02	3.672171e-01	6.664868e-01	-1.135918e-01	-2.359578e-01	-1.322467e-01	-8.737022e-02	1.283827e-01	-1.559855e-02	3.735861e-01	-2.935513e-01	3.050888e-01	7.347174e-03	-3.992975e-01	9.723254e-02	-4.572914e-01	-7.781574e-01	1.752324e-01	-6.513427e-01	1.322230e-01	-4.505868e-01	-1.074188e+00	2.387943e-01	3.872208e-02	-1.791045e-01	6.048429e-03	-5.019159e-01	-5.009155e-01	4.363722e-02	4.653682e-02	-2.802081e-01	3.916754e-01	4.327862e-02	-1.330937e-01	-2.194687e-01	2.122607e-01	2.491175e-01	-8.262049e-01	2.294795e-01	-4.816575e-01	-1.032974e-01	-4.944355e-01	-2.512726e-01	-5.199912e-01	6.826162e-02	-3.353013e-01	-4.736885e-01	-8.922826e-02	3.321664e-01	2.162284e-01	4.976219e-01	-3.932321e-01	-2.329798e-01	-1.224621e-01	7.223849e-01	-6.668662e-02	1.343473e-02	-2.027054e-01	2.253602e-01	-1.051135e-01	-7.346311e-01	1.807237e-01	-7.958769e-01	3.453873e-01	1.464413e-01	3.999523e-01	3.724997e-01	7.846194e-02	-1.356269e-01	4.360618e-01	9.368525e-02	4.444158e-01	-1.087888e-01	-4.747255e-01	8.484392e-02	-3.213578e-02	5.165339e-02	2.782388e-01	-5.880111e-01	-8.362421e-02	1.062379e-02	1.354285e-01	-4.122129e-01	-1.526188e-01	1.501451e-01	7.148927e-01	5.461500e-01	-1.151541e-01	5.247060e-01	5.270063e-01	5.784931e-01	-5.784912e-02	7.083557e-01	5.211307e-02	-8.589301e-02	5.866850e-02	-1.881387e-01	1.210305e-01	9.939202e-02	-3.583552e-01	1.361981e-01	-9.646269e-02	-4.137275e-01	2.326416e-03	-7.780191e-02	4.617514e-01	-1.085272e-01	-5.173121e-02	1.323494e-01	-4.885179e-01	2.115766e-01	9.677116e-01	3.689594e-01	-4.340601e-01	9.565524e-02	1.373873e-01	4.393722e-01	4.638253e-02	-2.248621e-01	-2.500512e-01	1.492598e-02	2.328193e-01	-3.880863e-01	2.366152e-02	-1.400526e-02	2.272661e-01	-7.554397e-01	-1.047824e-01	-2.394694e-01	1.355465e-01	-7.581158e-02	7.686650e-01	7.923837e-02	-2.122238e-01	2.814578e-01	2.491195e-02	4.382946e-02	2.754535e-01	-2.062188e-01	-1.000898e-01	-2.552699e-01	3.071860e-01	7.696159e-02	-1.096757e-01	9.692671e-03	-5.589258e-01	-2.374013e-01	-5.699791e-01	4.020166e-01	1.147729e-01	5.216743e-01	-4.252931e-01	6.573302e-02	1.462051e-01	-4.283544e-01	5.000900e-02	-7.402646e-01	-5.732934e-01	1.006669e-01	2.137553e-01	5.639024e-01	-4.815429e-03	1.360166e-01	-4.122472e-02	4.778350e-01	2.833623e-01	-8.295152e-02	2.649317e-01	8.497930e-01	3.195342e-02	5.291688e-01	-3.257701e-01	3.910017e-01	2.987696e-01	-3.379142e-02	2.631184e-02	-2.363148e-01	-1.811915e-01	6.691606e-01	1.010699e+00	2.953383e-01	2.465131e-01	-4.919091e-01	5.985736e-01	1.409676e-01	4.311297e-02	-2.446588e-01	1.515559e-02	-5.226455e-01	-6.958473e-01	1.098215e-01	-4.173357e-02	-1.674111e-01	9.703252e-03	-4.545739e-01	-8.299736e-02	1.311182e-01	-3.287378e-01	6.498992e-02	-2.923871e-01	-4.689263e-01	-3.126055e-01	-7.457542e-02	-7.219269e-01	1.092493e-01	3.450475e-02	8.844616e-02	-4.670306e-01	-3.163463e-01	-2.422339e-01	-3.101966e-01	1.416457e-01	-2.546135e-01	7.338490e-01	-9.085646e-02	6.394800e-01	4.733171e-01	3.800580e-01	2.487598e-01	1.548791e-02	6.657501e-01	-6.139691e-01	-8.271404e-02	-4.682408e-01	2.332844e-01	-1.921551e-01	7.272515e-02	2.843362e-01	1.684895e-01	-5.424010e-01	-3.002059e-01	-9.794073e-01	-4.299528e-01	-4.917682e-01	1.571403e-01	3.948680e-01	7.156184e-02	1.563917e-01	4.527613e-01	-3.289918e-02	1.614503e-01	7.836234e-02	1.187762e-01	6.510662e-02	-5.680658e-01	-1.653127e-02	5.159376e-01	-6.422903e-02	4.721853e-01	1.691397e-01	-2.831659e-01	4.235082e-01	2.163075e-01	-5.352173e-02	1.675783e-01	1.005791e-01	-2.104783e-01	3.100159e-01	5.316392e-01	1.816878e-01	-4.218687e-01	-3.446776e-01	-1.676235e-01	3.064144e-01	5.378984e-01	1.331678e-01	-6.140723e-01	-1.047246e-02	-2.835749e-01	-1.034525e-01	-1.631503e-01	-2.092034e-02	-5.659093e-01	-6.963617e-02	-2.215403e-01	3.493312e-01	-4.511586e-01	-1.902612e-01	2.994827e-01	6.876482e-01	-2.953942e-01	1.257205e-01	-4.988844e-01	-1.933156e-01	-5.284342e-02	-2.666859e-01	3.449314e-01	3.496889e-02	1.053219e-01	4.527380e-01	-4.393668e-01	-2.560518e-01	4.293678e-01	-3.204657e-01	4.168673e-01	-7.342122e-02	-8.814058e-02	-1.387702e-01	-4.539518e-01	-1.417795e-01	6.079711e-01	-1.903405e-02	2.234699e-01	4.536563e-01	4.980965e-01	-1.788607e-02	-3.382329e-02	-8.237526e-02	-2.905208e-01	6.522761e-02	2.650632e-01	2.689453e-01	-2.271469e-01	-5.941374e-01	-5.090143e-02	1.056097e-01	-4.865438e-01	5.683389e-01	3.606220e-01	4.863240e-01	-2.132402e-02	-1.636557e-01	2.973861e-01	4.338200e-01	-3.610852e-01	2.553465e-02	-6.467537e-01	3.988739e-02	-1.182119e-01	-3.689848e-02	-4.178658e-02	-8.115835e-03	-5.074084e-01	-3.008242e-01	6.205023e-03	2.288281e-01	2.210470e-01	-1.002182e-01	7.879753e-01	-3.966767e-01	-7.069920e-01	1.743395e-01	-8.964781e-02	-2.084931e-01	-8.756673e-02	3.331845e-02	-2.246231e-01	-1.900322e-01	3.345853e-01	5.918095e-02	-6.148187e-02	-1.318927e-01	1.019772e+00	-4.254599e-01	3.432713e-02	-8.471563e-02	-2.352665e-01	4.285378e-01	-1.157020e-01	-2.528771e-01	5.586734e-01	2.550381e-01	-2.368302e-01	5.842514e-02	-9.108065e-01	1.058547e-01	-1.094427e-01	-2.594603e-01	1.343423e-01	3.970506e-02	-6.185919e-01	-7.957547e-01	-3.516023e-01	4.588407e-01	-3.474524e-01	-7.876080e-02	2.449206e-01	3.542099e-01	5.693656e-01	-5.431316e-02	2.769240e-01	-1.656997e-01	6.154178e-02	6.015555e-01	-2.358625e-02	-6.888689e-01	9.290798e-02	-2.810249e-01	-1.507777e-01	6.184733e-01	6.310213e-01	-1.316424e-01	2.966869e-01	8.416186e-02	4.081830e-01	4.718022e-01	-2.758917e-02	-2.580206e-01	-4.962763e-01	6.253012e-01	2.135341e-01	-4.368179e-01	-2.161428e-01	2.899312e-01	-8.637353e-02	-4.712302e-02	2.545419e-01	-1.587182e-01	-4.189936e-01	2.403293e-01	1.746718e-01	2.377630e+00	-6.105240e-01	-1.572931e-02	2.482826e-01	-7.911537e-03	4.602145e-01	-5.734131e-01	-2.370451e-01	6.100074e-02	8.471530e-02	-1.964265e-01	2.373872e-01	4.285963e-02	-6.119741e-01	-1.353604e-01	7.834196e-02	-1.517808e-01	1.636588e-01	-1.332315e-01	-3.748930e-01	1.113807e-02	1.543145e-01	-9.041605e-01	-1.851032e-01	1.142264e-01	-5.309268e-01	1.672080e-01	2.308472e-01	-6.454431e-01	-8.197312e-01	-4.936484e-01	4.982751e-01	8.807526e-02	-7.517572e-01	-1.095563e-01	4.436364e-01	2.537884e-01	6.455855e-01	-1.898140e-01	-3.240312e-01	1.995118e-01	4.613105e-01	3.994597e-01	-4.593979e-01	-1.941127e-01	-9.896164e-02	-8.627673e-01	-4.740445e-02	5.653250e-01	-5.033561e-02	-2.570847e-01	1.905625e-01	-5.810826e-01	2.802274e-01	-2.196021e-01	-1.607549e-01	-4.433996e-02	3.562380e-01	6.234968e-01	-5.740572e-01	6.727464e-01	-4.818735e-01	-1.159226e-01	-2.647677e-01	1.072470e-01	3.096506e-01	-1.107969e-01	8.628226e-02	2.900173e-01	-1.471601e-01	8.895578e-02	-3.719389e-02	-3.507316e-02	-5.564724e-01	-2.070253e-01	3.570392e-01	4.655222e-02	2.370405e-01	-2.240302e-01	-1.290224e-01	3.048643e-01	3.939589e-02	-7.994373e-01	-1.832550e-01	3.279629e-01	4.419748e-01	1.125302e-01	1.612092e-01	-2.368891e-01	4.367579e-01	2.343699e-01	1.868344e-01	2.098585e-01	-1.546761e-01	-4.825862e-01	-6.248017e-01	-2.900240e-01	2.370344e-01	-2.865529e-01	-4.629511e-01	-3.265087e-01	3.919813e-01	2.475924e-01	3.997331e-01	1.025019e-01	1.203596e-01	3.336112e-01	-6.558186e-01	1.694010e-01	-3.795694e-02	-2.537502e-01	-2.234753e-01	-4.511169e-01	-7.032598e-01	-2.092300e-01	-1.864214e-03	1.447903e-01	4.862854e-01	1.205311e-01	3.260903e-02	-9.742979e-02	-3.041334e-01	4.642066e-01	3.990461e-01	-6.881896e-02	-1.412992e-01	6.256060e-02	3.389673e-01	-5.605187e-02	1.192693e-01	-1.530693e-01	-7.089087e-01	-3.101956e-01	8.966333e-01	2.954077e-02	8.485209e-02	-8.693774e-02	-6.416678e-02	-2.848598e-01	-1.516938e-01	-1.749797e-02	2.701641e-01	7.349192e-01	-3.784035e-01	2.580601e-01	4.955430e-02	1.449811e-01	1.716312e-01	7.552610e-01	-2.827046e-01	-5.841325e-01	-4.075939e-02	-1.805497e-01	-6.642851e-01	-1.223530e-01	-2.378247e-01	-4.640027e-01	-1.273383e-01	-1.661974e-01	3.613297e-01	-1.722640e-01	2.399263e-01	-7.264548e-02	-1.035132e-01	-1.655712e-01	-8.733864e-01	2.930338e-01	-6.797592e-02	-6.237556e-01	-1.534696e-01	-1.843165e-01	7.772002e-03	-4.378699e-02	2.494168e-01	-4.837389e-01	-1.863448e-01	-9.703773e-02	1.622721e-01	-3.516598e-01	-4.075382e-01	-5.725251e-01	-5.786324e-01	-3.613752e-01	-3.026611e-01	-2.959794e-01	-1.101727e-02	-8.063865e-01	-8.693548e-02	1.105910e-01	-1.219396e-01	3.113752e-01	7.093553e-01	1.116722e-01	2.111199e-01	-1.731685e-01	-5.591558e-01	-2.368367e-02	-6.685971e-01	-3.248352e-02	2.242163e+00	-5.583029e-01	3.333794e-01	-1.895584e-01	1.353885e-01	6.951410e-02	2.490047e-01	-5.975937e-01	-5.467968e-01	6.222009e-02	-3.902216e-02	8.416525e-02	6.940047e-01	5.546600e-01	3.287167e-01	-4.261928e-01	-3.119958e-01	-1.245031e-01	-5.579474e-01	1.479213e-01	2.932589e-01	2.616577e-01	-1.911391e-01	-1.778803e-02	1.405127e-01	1.935141e-01	1.784037e-01	7.723189e-01	-2.209025e-01	-5.270831e-02	-2.993716e-01	1.193627e-01	-7.539619e-01	-5.192612e+00	7.205255e-02	4.751655e-01	-2.127483e-01	5.927210e-02	1.567990e-01	1.616819e-01	-3.457431e-01	3.047230e-01	-2.800089e-01	1.233277e-01	-7.346631e-01	5.505134e-01	-6.230646e-01	2.967945e-01	-2.278369e-01	2.275769e-01	1.432085e+00	-4.072588e-01	2.125212e-01	3.256029e-01	4.625364e-01	-3.878635e-01	-3.168457e-01	2.125126e-02	-1.650045e-01	4.601772e-01	-4.775949e-01	-4.280112e-03	2.662238e-01	-7.799696e-01	2.882304e-02	-1.851263e+01	4.191733e-01	2.372559e-01	-4.426215e-01	6.765212e-01	-4.472145e-01	-2.840877e-01	-5.382034e-01	3.383287e-02	6.230249e-01	-5.402042e-01	3.508234e-01	-2.857224e-01	7.147992e-02	3.626662e-01	-3.586876e-01	-8.069056e-01	-3.700154e-01	-2.034740e-01	-6.446619e-02	4.589286e-01	3.535782e-01	-2.276965e-01	-7.389356e-01	5.488164e-01	1.877932e-01	8.712497e-01	-5.100309e-01	-1.143582e-01	-4.837477e-01	-1.702638e-01	2.255042e-02	2.707555e-01	-5.089195e-01	-6.180112e-02	7.428194e-01	1.616840e-01	-6.663059e-02	-3.143017e-01	-3.894444e-01	-4.448732e-01	5.615796e-01	-4.436949e-02	-3.351399e-01	1.997405e-01	1.975691e-01	-2.394379e-01	1.953948e-01	2.685110e-01	-9.529254e-01	5.802828e-02	1.572672e-01	5.017505e-01	8.252102e-01	-7.931203e-02	-7.535036e-02	8.128229e-02	-3.351689e-01	-5.142693e-02	2.180178e-01	2.777622e-02	9.441705e-01	3.602929e-01	5.954306e-01	-2.138515e-01	6.636467e-02	-2.256888e-01	-1.717935e-01	-1.048397e-01	5.164084e-01	-1.553960e-01	-2.919889e-01	-7.873328e-01	-5.879357e-01	2.327998e-01	2.071292e-01	5.019603e-01	-1.626088e-01	-2.149196e-01	1.301693e-01	-2.346179e-01	2.466098e-01	-2.245169e-01	1.693278e-01	-1.882399e-01	-2.813291e-01	-1.246944e+00	7.563891e-01	-3.731785e-01	2.394011e-02	-1.740075e-02	-1.603093e-01	3.412326e-01	-9.807356e-03	2.894044e-01	2.517222e-01	-2.369362e-01	-1.368336e-01	-1.551965e-01	7.295863e-02	4.646668e-01	2.331853e-01	6.014735e-01	-2.525246e-01	5.182635e-01	8.118044e-02	-1.591335e-01	6.254002e-02	-6.115468e-01	-6.075200e-01	3.697590e-01	-7.394830e-01	1.502547e-01	-1.975043e-01	-1.044138e+00	-5.102989e-02	2.326520e-01	4.533011e-02	-1.161615e-01	-4.390168e-01	-5.935688e-01	7.574084e-02	2.108846e-01	-2.550765e-01	2.299734e-01	5.135215e-02	-2.851969e-01	-5.220716e-01	3.055941e-01	4.159235e-01	-9.751831e-01	3.335088e-01	-3.123464e-01	1.538097e-01	-3.016773e-01	-3.836688e-01	-2.706068e-01	1.725664e-01	-1.535529e-01	-5.398945e-01	-1.766325e-01	2.789283e-01	4.304024e-01	5.333050e-01	-5.568526e-01	-3.852040e-01	7.584372e-03	7.486166e-01	-2.204988e-01	2.977647e-02	-2.574330e-01	-9.552643e-02	-6.215854e-02	-4.557641e-01	8.375660e-02	-9.875767e-01	3.829052e-01	1.775697e-01	1.571586e-01	1.487428e-01	1.615587e-02	-1.679751e-01	3.973471e-01	-1.444866e-01	3.494373e-01	-1.418420e-01	-2.778489e-01	-8.301402e-02	-4.426890e-02	1.269420e-01	4.238921e-01	-5.494772e-01	3.532815e-01	-8.412196e-02	-5.047859e-02	-4.536846e-01	-3.027792e-01	3.319472e-01	6.406652e-01	5.715494e-01	-4.707918e-01	2.229694e-01	2.118265e-01	4.063462e-01	-3.923916e-03	7.135878e-01	1.242478e-01	-3.859979e-01	-1.679241e-01	-2.248641e-01	3.367543e-01	1.274711e-01	-3.312629e-01	2.834778e-01	-2.234292e-01	-5.329860e-01	2.384036e-01	-2.966643e-01	4.033707e-01	-1.507703e-03	3.136906e-02	3.761934e-01	-3.835424e-01	2.429712e-01	8.723280e-01	4.447991e-01	-6.499513e-01	-2.911390e-02	1.258715e-01	4.054003e-01	-2.723520e-01	9.180726e-02	-5.212474e-02	-1.449708e-01	4.890079e-01	-3.881285e-01	-1.624619e-01	1.051082e-01	5.457926e-01	-3.007794e-01	3.488007e-02	-4.106447e-01	-1.180185e-01	2.036188e-01	7.532974e-01	1.496376e-01	-1.974040e-01	8.240286e-02	-8.691045e-02	2.237732e-01	1.782210e-01	4.657125e-02	-5.622762e-02	-3.041676e-01	2.960145e-01	1.154048e-01	-1.111387e-01	-1.706089e-01	-4.782887e-01	-1.151745e-01	-5.411934e-01	5.016667e-01	2.448494e-01	4.342912e-01	-3.697327e-01	-7.569232e-02	-1.158101e-02	-5.207141e-01	1.896990e-01	-5.244433e-01	-3.932688e-01	1.204758e-02	2.837462e-01	6.460180e-01	-7.172411e-02	4.553540e-02	2.096320e-01	3.335827e-01	5.628146e-02	-1.501658e-01	2.453232e-01	8.250851e-01	1.392212e-01	4.588400e-01	-2.744071e-01	3.493063e-01	3.634248e-01	-1.746726e-02	1.298697e-01	-2.190828e-01	-4.587220e-02	5.990983e-01	9.181610e-01	2.813534e-01	2.564270e-01	-5.461621e-01	6.574278e-01	1.956678e-01	-1.314731e-01	-3.561609e-01	9.608067e-02	-5.798919e-01	-4.833503e-01	-1.289366e-01	-7.451512e-05	-6.012832e-02	2.844980e-01	-1.253998e-01	-8.316699e-02	3.949568e-01	-2.450089e-01	-1.766304e-01	-9.526161e-02	-3.612829e-01	-2.608603e-01	2.256576e-01	-4.916967e-01	1.586763e-01	1.572866e-01	3.941406e-01	-7.230676e-01	-1.222515e-01	2.703567e-01	-5.232128e-04	2.252388e-01	-7.800942e-02	7.036040e-01	-2.658208e-01	4.060562e-01	2.019051e-01	2.910519e-01	3.151011e-01	8.755037e-02	6.184114e-01	-8.660312e-01	-2.049600e-01	-4.105582e-01	3.734764e-01	-2.406216e-01	-2.508027e-01	3.006655e-01	-2.488506e-02	-3.583389e-01	-2.293080e-01	-9.345438e-01	-5.182325e-01	-4.764147e-01	2.940418e-01	2.818533e-01	6.532563e-02	-8.092719e-02	5.372137e-01	2.806990e-01	1.862802e-01	2.355317e-02	-1.140828e-01	-9.061205e-02	-4.808089e-01	8.364813e-04	4.257347e-01	1.773362e-01	2.738330e-01	-1.118410e-02	-8.937664e-02	4.808219e-01	2.809762e-01	7.101327e-02	1.977045e-01	-1.792629e-01	-3.788724e-01	6.851016e-02	3.928691e-01	1.847988e-01	-4.047833e-01	-2.610249e-01	-4.099618e-01	4.419259e-01	5.712851e-01	5.195592e-02	-3.196221e-01	-1.191923e-01	-2.133205e-01	-4.183564e-01	-2.465127e-01	-1.483043e-01	-4.805377e-01	6.509081e-02	-3.319049e-01	4.391883e-01	-3.614828e-01	-3.815629e-01	3.380794e-01	5.887404e-01	-3.271088e-01	2.875522e-02	-3.332031e-01	1.642049e-01	-1.182022e-01	-2.383513e-01	1.959128e-01	1.990322e-01	3.590919e-01	4.540709e-01	-1.889356e-01	-7.345662e-02	4.458044e-01	-2.699607e-01	1.546313e-01	-2.301206e-01	1.986471e-02	-1.902753e-01	-3.935783e-01	-2.063015e-01	3.383150e-01	-1.831775e-01	3.417996e-01	4.948870e-01	3.750359e-01	3.976416e-02	-1.006220e-01	-1.911439e-01	9.383582e-03	4.843621e-02	1.872965e-01	9.437477e-02	-1.741878e-01	-5.252368e-01	-2.099389e-01	2.132592e-01	-3.427106e-01	2.526578e-01	3.676457e-01	1.940203e-01	-1.695783e-02	-4.947181e-02	1.103318e-01	5.308168e-01	-2.418689e-01	-1.671972e-01	-4.641912e-01	-9.968631e-02	-9.471472e-02	-2.412949e-02	-6.902742e-03	6.135818e-02	-6.622900e-01	-4.000576e-01	1.394989e-01	1.836576e-01	1.275275e-01	5.376947e-02	7.717077e-01	-5.018364e-01	-8.664148e-01	1.702540e-01	-3.726745e-02	-6.657811e-02	7.916860e-03	-3.302527e-01	-1.061928e-01	-2.232094e-01	7.146893e-02	1.255211e-01	2.331522e-02	1.504341e-02	1.054099e+00	-3.067010e-01	-1.389592e-01	-2.358417e-01	-2.714095e-01	2.465107e-01	7.006626e-02	-2.276529e-01	4.404595e-01	4.124509e-01	-1.668644e-01	1.356893e-01	-1.033357e+00	-4.080897e-02	-1.945061e-01	-1.223671e-01	-2.819684e-03	1.039861e-01	-5.923856e-01	-8.612678e-01	-2.859188e-01	4.316747e-01	7.978681e-02	1.277497e-02	3.380382e-01	2.632245e-01	6.981446e-01	-2.499953e-01	2.051379e-01	-1.894881e-02	-1.191943e-01	7.570373e-01	-1.396481e-01	-3.680237e-01	2.255663e-01	-1.174035e-01	-1.689739e-02	7.213998e-01	3.862440e-01	-2.146572e-01	5.382864e-01	1.701931e-02	2.208051e-01	4.801956e-01	-4.783963e-02	-3.527470e-01	-1.237375e-01	4.872451e-01	1.068683e-01	-3.679808e-01	1.155238e-01	1.929446e-01	-1.165234e-01	-5.505168e-02	-2.604176e-02	-2.959823e-01	-4.479151e-01	1.161281e-01	3.242614e-01	2.415456e+00	-6.251017e-01	8.264236e-02	2.314064e-01	-3.149763e-02	4.413423e-01	-6.413848e-01	-1.913198e-02	1.639990e-01	1.429456e-01	-1.215932e-01	2.323011e-01	2.544589e-02	-3.095537e-01	-1.030498e-01	-2.146546e-01	-9.391078e-02	3.463481e-01	-3.707409e-02	3.430977e-02	7.897443e-02	2.118829e-01	-8.052088e-01	-2.806044e-01	6.175307e-02	-3.541364e-01	1.957088e-01	1.024259e-01	-5.887684e-01	-6.389210e-01	-6.981442e-01	5.632779e-01	4.815173e-01	-8.207259e-01	-1.628299e-01	1.381970e-01	4.422113e-01	
7.929245e-03	-5.023894e-01	4.937537e-01	5.847742e-02	3.436611e-01	2.576344e-01	-1.021991e-01	1.289088e-02	-1.574844e-01	4.512704e-01	8.117168e-02	2.604013e-01	-4.691794e-02	2.527776e-01	-1.237536e-02	-9.753179e-02	5.366799e-01	-6.277473e-01	1.337995e-02	3.589746e-01	-8.592141e-02	1.591808e-01	2.829199e-01	-1.693661e-01	-1.085934e-01	6.838912e-01	-1.731815e-01	8.507362e-02	1.565755e-01	-4.003729e-01	1.357308e-02	2.596316e-01	-2.016289e-01	2.512679e-01	-5.917444e-02	5.100550e-02	-3.246441e-02	3.183787e-01	3.875625e-01	-3.895046e-01	-2.000789e-01	-1.624670e-01	-1.701733e-01	2.631481e-01	-1.427882e-03	-4.970120e-01	1.396130e-01	1.345647e-02	1.140822e-02	6.403856e-01	-2.709923e-01	-2.049905e-01	2.345510e-02	8.987745e-02	1.081956e-01	1.807185e-01	3.712378e-01	6.103277e-02	2.283788e-01	2.852680e-01	9.804837e-02	-3.503669e-02	-4.104277e-01	-2.579070e-02	1.007663e-01	1.893321e-01	-1.670082e-01	-1.198852e-02	3.722546e-01	2.555035e-01	-1.362217e-01	2.414171e-01	5.549644e-01	-9.833746e-02	-1.204667e-01	5.342532e-01	-1.889217e-02	7.578879e-03	-1.019962e+00	-4.170215e-01	3.924200e-01	1.704145e-01	-1.551951e-01	2.818772e-01	-1.811649e-01	3.448150e-01	4.622788e-01	2.181247e-01	2.348903e-01	-3.133643e-01	1.847460e-01	-9.322656e-02	7.623821e-01	2.122241e-01	-3.001508e-01	3.204149e-01	1.584127e-01	2.924679e-01	4.107996e-02	1.937676e-01	-2.067318e-01	-4.451093e-02	3.358231e-01	-1.861691e-02	2.523443e-01	-3.845873e-01	-1.388234e-01	9.552995e-02	2.418917e-01	4.960763e-01	-6.559598e-02	6.031075e-02	2.257650e-01	-6.073809e-02	1.444368e-01	-3.188046e-01	-2.246521e-01	3.541406e-01	5.144113e-01	-4.170906e-01	-1.615768e-01	3.165689e-02	1.351612e-01	1.278235e-01	-2.017352e-01	1.096493e-01	-5.098297e-02	3.034188e-02	4.260439e-02	3.543546e-02	-1.005790e-01	2.397434e-01	2.192326e-01	8.448266e-02	3.858359e-01	-2.470324e-03	1.254420e-01	1.324991e-01	-2.782595e-01	5.014986e-01	7.196557e-02	-3.076328e-02	-1.414020e-01	-1.564122e-01	-2.100524e-01	7.329352e-02	-2.131624e-01	2.641400e-01	-4.382465e-01	-1.663258e-01	-2.930366e-01	1.254509e-01	3.352765e-01	5.782349e-02	6.403995e-02	-5.531199e-03	3.995691e-01	-1.218775e-01	-3.770552e-01	3.077599e-01	-3.263909e-02	3.630959e-01	-3.559993e-01	1.003832e-01	-2.074293e-02	-2.934034e-01	1.899078e-01	-1.592169e-01	-2.146419e-01	2.408009e-01	-1.185066e-01	-1.124932e-01	-3.497367e-01	8.582573e-02	3.030021e-01	4.637657e-01	3.440232e-02	2.719070e-01	-3.870486e-01	-4.584054e-01	-5.169283e-01	1.601545e-01	1.263867e-01	-1.676431e-01	3.739105e-02	1.181850e-01	3.092865e-01	5.897961e-02	-3.900870e-03	1.136190e-01	1.330583e-01	-1.128592e-01	-5.333171e-01	3.780309e-01	-4.101824e-01	3.465108e-01	-3.683622e-01	2.659358e-01	-2.316385e-02	4.241366e-02	-4.186438e-01	1.425141e-02	-6.535035e-03	3.986478e-01	-2.055291e-01	3.028450e-01	3.952668e-02	1.259466e-01	-5.872907e-02	7.030761e-01	-6.490397e-02	-9.883197e-02	3.629830e-01	1.850863e-02	2.570519e-01	-1.821699e-01	-2.066778e-01	-5.958899e-02	2.707624e-01	1.897873e-01	-1.042485e-02	-1.505586e-01	-2.488012e-01	-3.705426e-01	-1.192735e-01	-1.212299e-01	5.631840e-02	1.061865e-01	-1.592138e-01	-3.579978e-01	-7.059054e-01	-2.100108e-01	-1.406017e-01	1.785215e-02	-2.810897e-01	6.408469e-01	2.205914e-01	1.090832e-01	-2.934518e-01	1.538508e-01	7.288360e-03	1.319174e-01	1.327394e-01	1.204688e-01	3.874563e-01	3.495151e-01	-1.862561e-01	-8.448389e-02	3.086806e-02	-1.646187e-01	-4.158028e-01	1.114878e-01	2.471994e-02	-2.338533e-01	-5.155990e-01	1.773050e-01	-3.498236e-02	-2.626094e-01	1.136948e-01	-2.591053e-01	1.277100e-01	-3.997021e-01	-5.874213e-02	2.546495e-01	3.494681e-02	1.133063e-01	2.569936e-01	3.789458e-01	-8.546937e-02	2.360895e-01	-2.326311e-01	2.992139e-01	-9.291997e-04	-1.896150e-01	-2.813337e-01	9.428267e-03	-9.339160e-02	-2.392120e-01	-7.945693e-02	2.298654e-01	5.245703e-02	-9.476228e-03	-2.065983e-01	-1.585820e-02	-4.264452e-01	8.228128e-02	4.092083e-02	-4.577495e-01	2.963624e-01	-3.449484e-01	-4.126860e-01	-5.090621e-01	1.885106e-01	4.206397e-01	-1.118068e-02	-2.962131e-01	-3.410388e-01	-1.724615e-01	-9.675991e-03	-9.990633e-02	3.631986e-01	1.572826e-01	-7.826290e-02	4.597885e-04	-4.717299e-01	1.730907e-02	-2.396015e-01	-3.340070e-01	5.440975e-01	4.391637e-01	-4.899081e-01	2.863377e-01	-4.595080e-01	4.502310e-01	2.291684e-01	1.358206e-01	2.594535e-01	-7.444587e-02	-3.117272e-03	1.150652e-01	-7.959921e-02	-7.953338e-02	5.840232e-01	9.303525e-02	-5.171920e-01	-5.529311e-02	2.634394e-01	-2.729401e-01	-3.295459e-02	1.282253e-01	-4.449112e-02	7.939908e-01	-9.328863e-03	-2.515387e-01	2.279860e-01	9.615009e-02	-9.516720e-02	9.132947e-02	-2.975412e-01	-2.529050e-01	-3.341325e-01	-2.256474e-01	4.531516e-01	-4.415461e-01	2.966359e-01	-2.652370e-01	-1.063382e-01	6.784419e-01	-1.165775e-01	-5.600854e-01	6.120116e-02	3.542946e-01	-3.757048e-03	-7.131155e-02	1.049807e-01	-9.771181e-02	-6.671783e-01	1.726425e-02	1.668708e-01	-2.753478e-01	-1.029904e-01	2.883745e-01	3.578161e-02	1.390852e-02	-3.535869e-01	1.689997e-02	-1.521401e-01	-1.789871e-01	1.345237e-01	6.068707e-01	2.786071e-01	2.814043e-01	-2.040729e-01	-7.673777e-01	5.517730e-01	1.646201e-01	3.573942e-01	-1.257617e-01	6.837432e-01	-1.144496e-01	-1.841082e-01	-1.883124e-01	-1.547903e-01	-1.384833e-01	3.872740e-01	-3.969526e-02	5.227864e-02	-1.459757e-01	3.132815e-01	1.318472e-01	-8.288087e-03	3.174917e-01	-1.545150e-01	-2.443353e-01	1.721034e-01	1.767239e-02	1.496492e-01	-3.788703e-02	-6.559460e-01	8.931355e-03	-1.405398e-01	1.255647e-01	-2.095185e-02	1.166576e-01	-1.559995e-01	3.150107e-01	6.143736e-01	1.635548e-01	7.780972e-02	-6.702580e-02	4.542547e-01	3.849053e-01	1.268218e-01	1.986690e-01	3.468551e-01	4.977457e-01	-5.455589e-01	1.841446e-02	3.162367e-02	2.513738e-01	4.164037e-02	-1.704495e-02	-7.566559e-02	-1.095117e+00	2.955928e-02	1.339987e-01	-5.433127e-02	2.101690e-01	2.759172e-02	-2.204113e-01	-4.042431e-01	-3.955859e-01	-2.249439e-01	-3.048497e-01	-2.106249e-01	-3.855710e-02	2.589028e-01	-8.010904e-02	-2.175428e-01	3.436909e-02	1.284745e-01	1.742176e-01	-1.468349e-01	-5.847168e-02	-1.086653e-01	4.856618e-01	-4.177637e-01	-8.321074e-02	-1.806259e-02	2.766890e-01	-1.210011e-01	-3.454304e-03	3.225186e-02	-1.854005e-01	-3.158602e-01	-1.462051e-01	-2.217605e-01	-9.680710e-03	-4.078297e-02	-4.283153e-01	-1.766640e-01	1.044464e-01	3.956341e-01	-1.648463e-01	-5.543397e-03	-5.299161e-02	1.451819e-02	-3.730288e-01	1.829022e-01	-5.174470e-02	-1.574523e-01	4.175548e-02	-5.702935e-02	-1.274813e-01	6.507339e-01	-1.555926e-01	5.956944e-02	-3.165647e-01	1.350407e-01	-7.346562e-02	-1.340646e-01	7.603940e-02	4.488833e-01	7.809353e-02	-5.101429e-02	-7.930581e-02	7.382067e-02	1.147007e-01	-1.525868e-02	3.635693e-01	5.392429e-01	2.067743e-02	-4.053731e-02	-4.542246e-01	1.026458e-01	-2.016733e-01	-1.802406e-01	-2.172256e-01	4.667344e-02	9.320514e-02	5.112738e-02	1.866017e-01	-1.395076e-02	-2.531462e-01	-6.567684e-02	-2.583423e-01	-4.427205e-02	1.256026e-01	-2.018928e-01	-6.769508e-02	-9.915020e-02	-6.555554e-01	-3.121240e-01	3.705828e-02	2.168489e-01	-7.228222e-02	4.411595e-01	-1.342218e-01	-6.041426e-02	6.790899e-02	-4.462244e-02	5.996796e-02	1.713039e-01	-5.915243e-01	5.052518e-01	-7.685919e-01	-2.227293e-01	-1.168164e-01	1.947615e-01	-1.220471e-01	-1.687801e-01	-1.312935e-02	-1.227952e-02	3.396578e-01	-6.329842e-02	8.681271e-01	-4.503007e-03	4.027016e-01	1.483033e-01	1.164492e-02	-6.868909e-02	-1.898979e-01	-8.549747e-02	5.406086e-01	-1.039369e-01	-2.098352e-01	-2.288044e-01	3.306827e-01	6.190061e-02	-5.074161e-02	-2.607818e-01	-8.649325e-02	-6.433816e-02	2.070166e-01	-3.355422e-02	8.933474e-02	-3.340023e-02	-1.611142e-02	3.252696e-01	6.819560e-02	-2.321451e-01	3.227774e-01	-1.393946e-01	-1.932024e-01	-6.112047e-02	1.547269e-01	-2.155349e-01	1.790341e-02	6.090797e-02	3.512742e-01	2.225210e-01	4.453973e-01	-2.985041e-02	2.748631e-01	-1.686507e-01	1.630546e-01	2.509532e-01	1.990722e-01	-3.757871e-01	-4.712758e-03	-4.196037e-01	-2.219472e-01	-2.884845e-02	-9.229364e-02	2.068508e-01	-1.954830e-01	-1.206327e-01	5.540161e-01	6.147545e-02	2.818842e-02	1.251331e-01	-1.862625e-01	-8.458538e-01	-1.110054e-01	1.152964e-01	-3.272916e-01	2.870849e-01	-2.838807e-01	4.076218e-01	-9.128670e-02	-2.555539e-02	-4.321073e-01	-4.391679e-01	-6.316968e-01	-4.797683e-01	2.169025e-01	1.664926e-01	-8.320163e-02	1.324639e-02	-4.203337e-01	-1.101319e-01	2.623991e-01	-3.194027e-01	-2.858936e-01	3.480424e-01	-4.244453e-01	-1.807251e-01	8.591967e-02	1.649999e-01	3.742106e-01	9.761716e-02	-2.488970e-01	4.681020e-01	4.520422e-02	1.641866e-01	1.899405e-01	2.477050e-01	2.050767e-01	-1.481685e-01	-4.021069e-02	2.163488e-01	1.129191e-01	9.124789e-02	1.425290e-02	1.207516e-01	9.994274e-02	-1.347548e-01	3.644789e-01	-2.912994e-01	2.898040e-01	-1.590897e-01	3.612592e-01	2.077818e-01	-3.570562e-01	-6.197650e-02	1.601532e-01	-2.015363e-01	4.690279e-01	8.584440e-02	-8.242206e-02	5.179128e-01	-1.147130e-01	2.442197e-01	-2.924962e-01	-1.055592e-01	1.676796e-01	-1.863614e-01	-1.150959e-02	-3.721542e-01	2.840424e-01	4.236172e-02	7.223701e-01	4.156332e-01	-3.981015e-01	-3.760224e-01	6.678835e-02	-3.684555e-01	-1.301204e-01	2.908366e-01	-2.117706e-02	-5.410345e-02	1.699384e-01	-2.503126e-02	1.932209e-01	2.024465e-01	2.413194e-01	-4.559295e-02	7.926024e-02	-1.177573e-02	-1.053179e-01	1.231212e-01	-8.580813e-03	7.051848e-04	-3.830236e-02	-2.064264e-01	1.082396e-01	-2.684717e-01	-6.889836e-02	-1.771778e-01	4.782983e-02	4.875122e-02	1.685501e-01	-1.763175e-01	-8.533849e-02	-2.749358e-02	-2.259041e-01	4.524579e-02	-1.632922e-01	3.021411e-01	-1.493751e-01	9.343831e-02	-6.353314e-01	-1.008867e-01	-1.577585e-01	-4.716473e-01	4.629428e-03	-1.817120e-01	-3.218555e-02	-1.316065e-01	3.431824e-01	3.428125e-01	-2.248559e-01	1.037015e-01	-2.950094e-01	-1.088508e-01	-7.504898e-02	-1.606441e-03	-2.874362e-01	-8.342314e-02	2.687707e-01	-5.582323e-02	-5.739163e-02	-3.592955e-01	9.885822e-02	1.675538e-01	-1.144659e-01	4.320582e-02	3.428046e-04	2.099231e-02	-3.712595e-01	-1.503713e-02	-1.095713e+00	-1.223464e-01	1.215706e-03	-1.347724e-01	1.080145e-02	9.008508e-02	4.593555e-01	-1.267010e-01	2.808906e-01	9.533505e-02	-4.110076e-01	-4.180874e-01	1.156647e-01	-2.129917e-01	-9.054111e-02	4.529114e-01	3.566501e-01	4.321896e-01	-7.800671e-02	-2.263148e-01	3.480929e-01	-2.951767e-01	-4.978440e-02	-2.081380e-01	1.292202e-01	-3.072326e-01	3.352225e-01	1.111975e-01	1.786923e-01	-2.097597e-01	-9.165033e-01	-1.824862e-02	-5.917745e-01	-7.499304e-03	-3.027734e-01	1.467871e-01	1.018292e-02	-1.301370e-01	-4.333748e-01	1.367860e-01	1.956008e-01	2.240287e-01	2.749454e-01	-2.269160e-01	-8.653668e-02	-3.310041e-01	3.239453e-01	3.119645e-02	7.426356e-03	-1.613251e-01	-4.702107e-02	-1.219253e-01	-1.546936e-01	9.020184e-02	-3.261630e-01	4.658511e-01	-2.520734e-01	1.136706e-01	6.519301e-01	-1.901514e-01	-1.998616e-01	-4.449716e-01	3.020839e-01	-1.087503e-01	-1.891415e-01	3.388519e-01	-1.094364e-01	3.731902e-01	4.943934e-01	-3.918687e-01	5.984480e-02	-1.579344e-01	2.077602e-01	8.358347e-02	5.549766e-02	2.495634e-01	-2.729941e-01	-3.287649e-01	-6.213410e-02	-1.100575e-01	4.684650e-01	9.444329e-02	-6.503328e-01	-2.316313e-01	5.857608e-02	2.093182e-01	3.518099e-01	-1.687081e-01	-9.621804e-02	2.312440e-01	7.009565e-02	4.254375e-01	-2.700157e-02	3.992923e-01	6.675137e-02	2.495608e-01	1.799900e-01	2.582436e-01	3.257971e-02	-1.289405e+00	-2.820224e-01	1.527783e-01	3.828820e-01	1.439160e-01	-9.548357e-02	4.619299e-01	-3.604834e-01	-1.535215e-01	2.284053e-01	5.762042e-01	-4.230231e-01	1.811596e-01	-1.559146e-02	-3.008618e-01	1.777762e-01	-4.425104e-01	-1.114027e-01	1.828939e-01	4.615062e-02	-9.379879e-02	1.168115e-01	-2.132232e-01	1.659323e-01	2.854654e-01	9.640514e-02	-1.959964e-01	-6.539395e-03	3.687504e-01	1.977332e-03	8.399661e-01	1.301954e-01	-4.279934e-01	-2.274180e-01	1.860257e-01	3.042442e-01	-1.392634e-02	-5.846035e-02	-3.982756e-03	-5.655628e-01	-2.375218e-01	-2.313384e-01	1.350206e-01	-3.468480e-01	-2.220233e-01	2.125860e-02	5.517415e-01	2.057883e-01	-1.561945e-01	-4.986618e-02	5.403528e-01	-3.468441e-01	-2.504332e-01	-4.988292e-01	-4.652402e-01	-2.466744e-02	2.430442e-01	-9.449545e-01	-1.801625e-01	1.122487e-01	4.683203e-01	6.439622e-02	-1.301627e-01	5.351794e-01	-1.150926e-01	4.280553e-02	-7.373561e-01	1.299613e-02	6.516900e-02	7.683729e-02	4.046663e-01	5.595754e-02	3.957204e-02	-3.225065e-02	-1.457903e-01	1.366119e-01	-4.129892e-01	1.368029e-01	-1.844271e-01	-1.854682e-01	1.583627e-01	-1.489422e-01	-1.503903e-01	1.096971e-01	-2.202463e-01	-1.742068e-01	-6.783111e-01	-3.682186e-01	-6.335679e-01	-1.438124e-01	6.640247e-02	1.341869e-01	6.609759e-01	-3.114523e-01	1.366101e-01	-3.546996e-01	-5.735186e-01	1.518422e-01	-7.663454e-02	2.495355e-01	1.608195e+00	-4.776168e-01	3.215017e-01	-3.456896e-01	-9.377424e-02	3.355633e-03	-2.164526e-01	-7.570327e-02	-6.947676e-03	-3.382930e-01	3.552693e-03	-1.956310e-01	2.384888e-01	9.021698e-01	1.155368e-01	8.573236e-02	-1.507409e-01	-4.284860e-01	-2.698267e-02	-2.472176e-01	1.506928e-03	-4.218933e-01	2.645470e-01	2.749204e-01	3.990634e-01	1.485501e-01	-1.106106e-01	6.435528e-01	-4.904543e-01	-2.520635e-01	-8.916448e-01	5.285422e-01	-8.173489e-01	4.061854e-01	-2.104928e-01	1.185410e-01	-1.504752e-01	2.868415e-02	-1.481712e-01	3.129364e-01	-2.647459e-01	4.482760e-01	-4.352342e-01	3.903000e-01	-1.135720e-01	2.138957e-01	7.265803e-02	4.680540e-01	-1.656919e-03	-2.561763e-01	1.405657e+00	-1.440169e-01	4.622092e-02	-5.075651e-01	-2.038059e-01	-3.416340e-01	-1.984840e-01	2.543379e-01	-2.522829e-01	1.026944e-02	-4.733346e-01	-3.128772e-01	-2.000778e-01	-4.514016e-01	1.511599e-01	-3.095907e+01	-5.936919e-02	-1.706474e-01	-9.138971e-01	1.620583e-01	9.576651e-02	-3.396123e-02	-1.644337e+00	9.890735e-01	3.872364e-01	1.149240e-01	-6.062078e-02	-3.617738e-02	4.263419e-01	2.035362e-02	3.839097e-01	2.065613e-02	1.640458e-01	6.888164e-02	-7.946385e-02	-1.890771e-01	-3.108150e-01	-3.343554e-01	-7.325878e-01	3.832870e-01	-1.659064e-01	6.316324e-02	-1.156750e+00	-1.040113e-01	-1.564514e-01	-7.519864e-01	-1.334505e-01	-2.764477e-01	5.487676e-02	1.962315e-01	8.956762e-02	5.267837e-01	3.493645e-01	-1.664212e-01	3.557933e-01	3.061230e-01	2.050814e-02	2.324457e-01	-1.873572e-01	1.387213e-01	-3.842890e-01	-2.502726e-01	-3.197244e-01	-1.075379e-01	-4.896868e-01	1.195905e-02	-5.538538e-03	5.941021e-01	3.412833e-01	1.515008e-01	1.666835e-01	-2.253221e-01	-9.230591e-02	4.125120e-01	-5.420838e-02	-2.989187e-01	1.625051e-02	-3.111688e-01	-3.995625e-01	-5.607256e-01	-1.621359e-01	2.644962e-01	-2.486066e-01	-1.115829e-01	5.955182e-02	-5.734423e-01	-9.854959e-02	-5.099540e-01	7.043104e-01	5.830994e-02	1.145258e-01	1.636690e-01	-3.684582e-01	-1.582588e-01	-5.181353e-01	-2.832126e-01	-1.461038e-02	5.434478e-01	-3.767720e-01	9.080207e-02	-5.254788e-01	-5.490522e-01	4.516688e-01	1.805728e-02	3.718298e-01	-9.126917e-02	7.812258e-01	1.488995e-01	2.241814e-01	-1.881192e-02	8.289496e-01	6.607469e-02	-9.364779e-01	-2.520409e-01	1.665237e-01	-2.480129e-01	-1.369424e-01	1.645335e-01	1.779351e-01	7.700408e-02	-7.032056e-02	-5.001923e-01	3.041522e-01	1.210942e-02	-2.685311e-01	9.338271e-02	-4.465512e-01	8.439167e-02	-5.374898e-01	-4.858068e-01	1.207338e-01	-1.134907e-01	2.470565e-01	-3.126404e-01	2.161054e-01	-3.161646e-01	1.794574e-01	-1.360670e-01	8.523476e-02	6.026109e-01	-4.778954e-01	-3.558882e-01	2.881800e-01	-5.759494e-01	-4.039839e-01	-3.263502e-01	3.199409e-01	-8.694672e-01	-2.347805e-01	-1.921222e-01	-1.560897e-02	-5.286674e-02	-1.060611e-01	-3.602591e-01	-1.674893e-01	-2.110008e-01	9.979849e-02	4.250674e-01	5.314954e-01	-7.240442e-01	-1.222536e-01	-4.878947e-01	4.274020e-01	2.849201e-01	4.467987e-01	6.305666e-02	5.245923e-01	-3.221416e-02	-3.731951e-01	-3.808921e-01	-2.371976e-01	-1.077373e-01	4.164770e-01	8.590053e-03	-5.323957e-02	-9.862593e-02	-1.093754e-01	3.860798e-01	-6.202977e-02	4.838052e-01	-3.332697e-01	-4.230426e-01	1.795051e-01	-1.656044e-01	-6.617487e-02	2.698823e-01	-1.020138e+00	2.081946e-01	-4.305000e-01	-2.631397e-02	-1.370065e-01	-3.966477e-01	-4.424729e-01	8.411073e-02	3.072703e-01	2.191869e-01	4.332010e-01	2.349003e-01	8.844925e-01	2.277436e-01	1.016921e-01	-1.348184e-01	5.463812e-01	-4.300680e-03	-1.747303e-01	-6.412528e-02	-7.642258e-02	-4.516438e-03	-1.679206e-01	-2.244170e-01	-3.168022e-01	-1.974830e-01	2.443568e-01	1.404844e-01	1.539828e-01	1.666522e-01	2.411938e-01	-2.791216e-01	-2.421640e-01	7.863921e-03	-3.766561e-02	-1.684431e-01	-1.035600e-01	1.062531e-01	3.592566e-01	2.763371e-01	-4.622924e-02	1.612056e-02	2.925347e-01	4.922440e-01	-3.890867e-01	1.943604e-02	-1.940748e-01	6.731319e-01	-6.373246e-01	2.092989e-01	-2.345950e-01	1.588720e-01	-1.313871e-01	6.949161e-01	3.214956e-01	-4.628672e-02	3.462995e-01	-2.170141e-01	-4.166351e-02	4.050207e-02	-2.009839e-01	-5.841721e-03	-5.085517e-01	2.592216e-01	5.852578e-02	-3.468390e-01	-2.355457e-01	3.622687e-01	1.544314e-02	-6.828789e-01	-7.675146e-02	-5.519073e-02	2.183472e-01	-4.916517e-01	-4.289208e-02	-1.938701e-02	5.489991e-01	5.189273e-02	-2.092235e-01	-2.030499e-01	8.439762e-02	3.173531e-01	1.051320e-01	1.891168e-02	-5.342394e-01	4.286929e-04	-1.843263e-02	-3.838137e-01	-2.511188e-01	2.215310e-01	4.926621e-01	3.226612e-01	5.470364e-01	2.328608e-01	1.717437e-01	9.958314e-02	-4.329417e-01	7.342149e-02	-2.986742e-01	-6.612221e-02	2.005370e-01	1.866633e-01	2.651387e-01	1.671094e-01	-7.133582e-02	-3.438272e-01	8.866996e-02	-5.162310e-01	-3.145808e-01	-4.121597e-02	-1.945000e-01	-2.339369e-01	-2.404591e-01	3.483696e-02	-3.281354e-01	-3.267568e-01	3.240113e-01	-2.996978e-01	4.082369e-01	6.975117e-02	-5.426126e-02	-8.966572e-02	1.517266e-01	-3.350652e-01	-2.116478e-01	-1.005918e+00	7.079003e-01	-1.018363e+00	-8.072480e-02	-1.943826e-01	3.361903e-01	-4.389236e-01	-4.111444e-01	2.028647e-01	-2.627324e-01	9.626064e-02	2.461625e-02	6.797701e-01	5.363187e-03	6.083016e-01	2.837484e-01	-2.725090e-01	-8.437885e-03	-4.871497e-01	1.335144e-01	6.327727e-01	-5.818234e-01	-6.443322e-01	-3.501986e-01	5.993032e-01	3.248836e-01	-1.887626e-03	-7.189198e-01	-4.174172e-01	-6.654698e-01	1.421911e-01	-1.047821e-01	-2.565746e-02	-6.561623e-02	2.491039e-01	2.806427e-01	6.108907e-02	-1.769700e-02	5.285446e-01	-2.586752e-01	-3.338839e-01	-8.987073e-02	2.230005e-02	-8.117104e-02	-2.020753e-01	2.471720e-01	3.484809e-01	4.166916e-02	4.261295e-01	1.628346e-02	1.593107e-01	6.993313e-02	-2.367731e-01	4.474113e-01	4.522904e-01	-3.102574e-01	-5.458524e-02	-6.129855e-01	3.683197e-02	-7.810981e-02	-2.076689e-01	6.953197e-01	-1.093129e-01	-2.590731e-01	9.142482e-02	-1.684001e-03	8.863642e-03	-8.808764e-02	-4.413403e-01	-6.319457e-01	-1.701504e-01	-3.191554e-01	-1.857894e-01	1.137163e-01	-3.623839e-01	5.944682e-01	3.897609e-01	-5.430841e-01	-3.251561e-01	-6.197858e-01	-5.712869e-01	-1.224411e-01	4.649257e-01	3.280347e-01	-1.301765e-01	1.955984e-01	8.995149e-02	-2.877388e-01	3.455566e-01	-2.494953e-01	-4.359016e-01	6.519932e-01	-4.287326e-01	8.496011e-02	-4.271771e-01	-3.960035e-02	2.494365e-01	1.703883e-01	-2.324588e-01	6.579586e-01	2.098876e-01	6.877387e-01	4.644418e-01	-2.357636e-02	2.701866e-01	-5.398034e-01	7.365871e-02	2.968980e-02	2.418521e-01	-1.684952e-01	-1.484786e-01	2.295114e-01	-2.643965e-01	-6.615999e-02	5.873843e-01	4.421304e-03	4.218400e-01	-1.482690e-02	2.156445e-01	4.657246e-01	-7.168013e-01	-2.203303e-01	-7.000265e-02	-2.595814e-01	7.499654e-01	6.261896e-02	3.501702e-02	-1.767846e-02	-1.856680e-01	-2.899760e-01	-2.363038e-01	1.707510e-01	-1.565722e-01	-1.496480e-01	-2.203814e-01	2.318464e-02	1.761961e-01	-2.355565e-01	3.586860e-01	2.576177e-01	-2.978190e-01	-3.753343e-01	-1.527100e-01	4.598524e-01	-5.461878e-02	3.818837e-01	2.288751e-01	-3.165087e-01	-5.682021e-03	1.050120e-01	1.605668e-01	1.682683e-01	2.923463e-01	-2.628632e-01	7.683896e-02	-6.711165e-01	-3.129296e-01	2.521241e-01	1.947401e-01	-1.663705e-01	1.665234e-01	-4.069623e-01	2.393646e-01	-4.009818e-01	-2.963937e-01	1.203740e-01	-1.250479e-02	-5.467561e-01	-2.003746e-02	-6.204481e-01	-2.215784e-01	4.472353e-01	-4.978239e-01	1.668444e-01	-4.577716e-01	6.027030e-01	-2.733041e-01	2.131857e-01	-1.004152e-01	-3.463852e-01	4.286897e-01	-3.193532e-01	-1.870407e-01	-4.283243e-02	1.716124e-01	-3.882858e-01	3.139976e-01	3.180385e-01	-1.201054e-01	1.470231e-01	-3.733467e-01	-1.465790e-01	1.174081e-02	1.330028e-03	1.037306e-01	-3.963300e-01	3.700693e-01	2.072475e-01	-4.256083e-01	1.359222e-01	-1.183156e-01	-3.404504e-01	-9.431696e-02	1.054433e-02	9.653742e-02	-2.853910e-01	-3.706001e-01	1.969531e-01	2.275722e+00	-1.892839e-01	1.421980e-01	-3.949763e-01	3.029788e-01	2.040050e-01	-3.148587e-02	-1.511097e-01	8.019757e-02	1.098818e-01	-3.546845e-01	-6.364302e-01	2.771109e-01	-5.894781e-01	-5.039331e-01	8.500986e-01	4.003542e-01	2.641894e-01	1.441465e-01	-3.146253e-01	4.056995e-01	-3.249742e-02	-4.518994e-01	-4.188905e-01	-1.649359e-01	-5.134089e-01	4.913490e-01	8.286192e-02	-5.395635e-01	-4.510351e-01	-6.724041e-01	-2.374837e-02	-7.501866e-01	-4.883470e-01	-3.801658e-01	4.842065e-01	-6.040532e-02	-1.008568e-01	-3.675893e-01	-6.406096e-03	-6.183798e-03	1.685621e-01	3.153632e-01	-2.522364e-01	-1.426543e-01	-1.728967e-01	2.630005e-01	-2.029610e-01	-1.217156e-01	-1.231941e-01	-1.384054e-01	-4.908999e-02	-2.180605e-01	1.428931e-01	-2.103648e-01	4.815310e-01	-3.088339e-01	-1.760728e-01	6.925852e-01	-1.953041e-01	4.386263e-02	-3.133840e-01	2.937208e-02	7.929235e-02	-9.141503e-02	4.712594e-01	-8.374495e-02	5.589650e-01	4.851481e-01	-3.404202e-01	-1.214693e-01	1.063243e-01	1.931791e-01	-1.171134e-01	-3.179537e-01	3.175231e-01	-1.603622e-01	-3.603844e-01	-5.912556e-02	1.341709e-01	3.674200e-01	-8.253154e-02	-5.420023e-01	-3.973152e-01	2.516540e-01	2.683462e-01	2.547424e-01	-2.789576e-02	-1.988085e-01	4.291723e-01	1.382891e-01	6.091543e-01	7.333864e-02	3.283893e-01	-1.942253e-01	2.761335e-01	1.368394e-01	2.768753e-01	-8.133994e-02	-1.124581e+00	-1.975634e-01	1.400890e-01	5.061563e-01	2.214135e-01	-9.099743e-02	5.268148e-01	-2.463140e-01	1.709501e-01	8.201376e-02	5.920234e-01	-3.744418e-01	2.387219e-01	-2.280278e-01	-3.663926e-01	1.229452e-01	-4.456145e-01	-1.011358e-01	1.209721e-01	2.312443e-02	2.001925e-03	1.418322e-01	9.024335e-02	-9.176647e-02	1.718883e-01	1.036139e-01	-4.010068e-01	8.117358e-02	2.910571e-01	4.387281e-02	7.469081e-01	2.166759e-01	-2.242505e-01	-3.280942e-01	3.623572e-03	2.703992e-01	1.990085e-02	-1.056456e-01	-6.464040e-02	-4.425647e-01	-2.672091e-01	-1.680314e-01	1.157523e-01	-2.387267e-01	-4.132031e-01	-9.459560e-02	4.394414e-01	1.445155e-01	-1.256233e-01	-1.802933e-01	4.369327e-01	-2.661166e-01	-1.012179e-01	-4.382384e-01	-4.302467e-01	-1.162628e-02	1.693741e-01	-6.794502e-01	-1.282533e-01	6.108886e-02	5.412884e-01	-6.017352e-02	-8.875199e-02	4.684876e-01	-3.064553e-01	-2.931626e-02	-8.048868e-01	-5.647890e-02	2.118762e-01	1.627201e-01	3.551760e-01	-2.589592e-03	8.256673e-02	1.697348e-02	-1.646558e-01	1.364145e-01	-3.219948e-01	7.255702e-02	-1.351121e-02	-9.404225e-02	1.986813e-01	-1.493531e-01	-2.163600e-01	-1.798832e-03	-8.622302e-02	-1.253744e-01	-6.001183e-01	-3.552853e-01	-4.848464e-01	-2.140646e-01	1.377104e-01	1.901462e-01	7.478230e-01	-1.441869e-01	1.181485e-01	-3.275898e-01	-4.864621e-01	3.218456e-01	-2.502850e-02	5.840758e-02	1.812717e+00	-2.438975e-01	4.370987e-01	-4.842643e-01	-2.378712e-01	5.115068e-02	-2.738359e-01	-1.123404e-01	-7.607789e-02	-3.754659e-01	3.192696e-02	-1.607122e-01	4.332743e-01	8.793055e-01	9.740285e-02	2.042188e-01	-8.572746e-02	-4.700920e-01	-1.042679e-01	-1.580155e-01	1.480745e-01	-4.306818e-01	3.017931e-01	2.788282e-01	4.222855e-01	1.352381e-01	-1.770199e-01	5.034224e-01	-4.346516e-01	-3.234272e-01	-7.798665e-01	4.026273e-01	-9.415333e-01	-4.408922e-01	-3.093893e-01	1.090845e-01	-2.637946e-01	4.522199e-02	-5.893109e-02	4.731681e-01	-3.547323e-01	4.968864e-01	-3.412016e-01	3.147875e-01	-4.957950e-02	2.003709e-01	-8.046203e-02	3.940326e-01	5.046868e-02	-8.576933e-02	1.407614e+00	-3.449772e-01	6.453506e-03	-2.747609e-01	-1.254136e-01	-2.547236e-01	3.977324e-02	1.806329e-01	-2.644003e-01	-7.466877e-02	-4.516651e-01	-1.951890e-01	-2.007198e-01	-4.219951e-01	1.486979e-01	-2.409137e+01	-1.037623e-02	-9.548947e-02	-8.377020e-01	2.042406e-01	-1.593894e-01	-1.934815e-01	-1.791194e+00	8.773729e-01	1.075855e-01	1.110203e-01	-3.520356e-02	-1.546962e-01	3.053695e-01	4.827349e-02	4.233546e-01	-5.284376e-02	1.440292e-01	-8.224037e-03	-5.996557e-02	-5.040827e-03	-4.224877e-01	-3.175750e-01	-6.850577e-01	3.352599e-01	-1.460312e-01	2.542319e-01	-9.787235e-01	-2.146153e-01	-1.168062e-02	-7.278004e-01	-5.623273e-02	-2.597129e-01	1.267948e-01	1.003466e-01	3.111256e-01	4.259590e-01	2.837168e-01	-2.516519e-01	2.775122e-01	2.580975e-01	-3.549131e-02	2.541703e-01	-5.282666e-02	3.874076e-02	-4.814834e-01	-2.137662e-01	-2.083659e-01	-1.112592e-01	-4.844148e-01	1.051106e-01	3.878051e-02	5.013826e-01	5.827540e-01	-5.107816e-02	2.478087e-01	-2.551465e-01	2.013351e-01	4.354403e-01	-1.154905e-02	-3.599928e-01	-1.734650e-02	-2.009337e-01	-2.913708e-01	-6.039354e-01	-2.309594e-01	2.689270e-01	-1.923626e-01	-3.467763e-02	6.815104e-02	-5.620217e-01	-1.529687e-01	-4.388867e-01	5.847595e-01	-6.402827e-02	3.197812e-01	3.721106e-02	-3.038300e-01	-1.814672e-01	-4.286750e-01	-1.812101e-01	-1.003751e-02	3.772240e-01	-3.528134e-01	9.845966e-03	-4.735023e-01	-6.322339e-01	5.103722e-01	3.077315e-02	3.969803e-01	1.476962e-01	7.215573e-01	1.914949e-01	2.512255e-01	-1.510822e-01	5.916253e-01	-4.532148e-03	-7.262850e-01	-3.016737e-01	1.638052e-01	-1.542851e-01	-1.757028e-01	1.829585e-01	3.106746e-01	7.472865e-02	-1.342921e-01	-4.636137e-01	1.831085e-01	3.107980e-02	-2.920697e-01	1.928729e-01	-3.036968e-01	1.306459e-02	-6.343774e-01	-5.092924e-01	1.002286e-01	-3.639967e-04	2.192688e-01	-2.890973e-01	1.558372e-01	-4.350876e-01	-6.090079e-02	2.738125e-02	-1.675365e-01	5.180300e-01	-5.596570e-01	-4.269179e-01	1.881328e-01	-5.859302e-01	-2.315084e-01	-3.465753e-01	2.730629e-01	-6.900980e-01	-2.864051e-01	-2.282286e-01	-5.646090e-02	-4.175878e-02	-1.243257e-02	-3.040901e-01	-2.822906e-01	-5.616740e-02	2.535926e-02	2.242684e-01	4.636099e-01	-8.093082e-01	-1.132052e-01	-3.460984e-01	3.478972e-01	4.167404e-01	4.784269e-01	2.030800e-01	3.240191e-01	1.272904e-01	-4.930958e-01	-2.894819e-01	-3.197596e-01	-7.884220e-02	3.758454e-01	-1.575770e-01	1.547438e-01	-1.051947e-01	-1.064631e-01	2.974531e-01	2.609474e-02	5.233557e-01	-2.197759e-01	-3.998085e-01	1.157892e-01	-1.378508e-02	-1.215412e-01	3.228186e-01	-9.306279e-01	2.624565e-01	-5.784838e-01	4.472192e-02	-2.152507e-01	-2.861145e-01	-2.918333e-01	8.778716e-03	3.283071e-01	2.247093e-01	3.302642e-01	2.116153e-01	7.615228e-01	2.073432e-01	1.527207e-01	-8.117576e-02	4.746378e-01	-1.321240e-01	1.622522e-01	1.030157e-01	-7.822953e-02	-9.813098e-02	-2.872109e-02	-1.448482e-01	-2.834650e-01	4.753447e-01	-7.777030e-02	1.196862e-01	2.315577e-01	1.975520e-01	3.063527e-01	-2.148468e-01	-1.969997e-01	2.978998e-02	1.633684e-01	-2.194659e-01	-6.967384e-02	2.438188e-01	2.676753e-01	4.138338e-01	1.886396e-02	9.376402e-02	2.787844e-01	6.896671e-01	-4.068761e-01	2.964190e-02	9.375206e-03	6.557523e-01	-5.582911e-01	2.633165e-01	-3.709771e-01	-5.735380e-02	1.161720e-01	7.159714e-01	3.189613e-01	7.477736e-02	3.714095e-01	-1.457262e-01	-1.037682e-01	1.695804e-01	-2.043954e-01	7.681307e-02	-4.165406e-01	3.389018e-01	-4.936258e-03	-2.598682e-01	-3.865026e-02	5.123012e-01	1.695552e-05	-6.233906e-01	-2.626311e-01	-2.097289e-01	4.585391e-01	-3.803950e-01	-1.498936e-01	-1.445493e-02	4.562481e-01	1.708555e-01	-2.411449e-01	-9.085406e-02	1.486277e-02	4.023047e-01	1.009502e-01	1.214034e-01	-6.050138e-01	-1.174322e-01	2.196002e-01	-2.836705e-01	-3.039093e-01	1.823054e-01	4.403899e-01	2.374920e-01	3.397139e-01	3.961917e-01	3.691510e-01	2.884409e-01	-5.394402e-01	4.180690e-03	-1.010886e-01	1.278853e-01	1.454330e-01	-2.617199e-02	2.498042e-01	8.440999e-02	-1.167214e-01	-2.123929e-01	1.460653e-01	-6.587322e-01	-3.915915e-01	-1.251596e-01	-2.042602e-01	-1.737958e-01	-3.779679e-02	-1.202455e-01	-3.967118e-01	-2.207906e-01	3.158057e-01	-2.671884e-01	4.700697e-01	1.749499e-01	-2.616406e-02	-1.328682e-01	3.849792e-01	-3.566086e-01	-2.647450e-01	-7.215537e-01	8.261452e-01	-6.657395e-01	-6.447025e-02	-1.589002e-01	3.752001e-01	-1.382472e-01	-3.633596e-01	-1.770408e-02	-1.564880e-01	6.865331e-02	1.638054e-02	6.980059e-01	9.747335e-03	4.873161e-01	2.287208e-01	-4.938347e-01	6.476072e-03	-5.179784e-01	1.360985e-01	4.755118e-01	-5.465360e-01	-6.169093e-01	-3.836837e-01	5.016267e-01	3.333986e-01	-8.009240e-02	-6.324008e-01	-4.198742e-01	-6.320722e-01	1.543292e-01	1.020114e-02	7.792076e-02	4.526052e-02	1.985475e-01	1.307357e-01	7.005021e-02	1.530148e-01	5.513631e-01	-1.926363e-01	-2.764567e-01	-1.866276e-01	-9.998472e-02	3.402326e-02	-6.083236e-02	3.688945e-01	1.834838e-01	7.721493e-02	3.593685e-01	6.190908e-02	1.382517e-01	2.245919e-01	-1.432266e-01	2.735111e-01	4.057564e-01	-3.075934e-01	-1.115494e-01	-5.040113e-01	1.912922e-01	1.633828e-01	-1.193538e-01	6.822955e-01	-9.107243e-02	-2.201952e-01	5.908470e-03	3.609715e-02	-6.974960e-02	-1.885196e-01	-4.624040e-01	-4.310459e-01	-1.747106e-01	-4.542748e-01	-1.138147e-01	-9.395812e-02	-4.049737e-01	4.617166e-01	4.561261e-01	-4.954728e-01	-3.487119e-01	-6.330474e-01	-4.439706e-01	-6.427053e-02	4.679575e-01	4.314532e-01	-1.384050e-01	2.188986e-01	8.070076e-02	-4.104283e-01	4.090273e-01	-1.537380e-01	-3.315647e-01	4.691499e-01	-2.371912e-01	1.888456e-01	-4.272637e-01	5.568005e-02	1.506502e-01	1.521304e-01	-2.257684e-01	5.794755e-01	3.608910e-01	6.393861e-01	4.546204e-01	-5.286890e-02	2.815309e-01	-6.216480e-01	6.518299e-02	-2.326610e-02	1.910801e-01	-1.412518e-01	-9.241391e-02	3.267991e-01	-1.470414e-01	-2.876625e-03	5.297137e-01	2.375470e-01	2.902563e-01	-2.152122e-02	1.227096e-01	5.870872e-01	-5.135793e-01	-1.063459e-01	-6.153913e-02	-1.144978e-01	6.370724e-01	2.042339e-02	5.743996e-02	-2.626261e-02	-1.352460e-01	-3.074808e-01	-1.567775e-01	2.101418e-01	-3.382985e-01	-7.594241e-02	-3.019791e-01	-4.726400e-03	4.511097e-02	-3.979997e-02	4.426794e-01	1.663701e-01	-1.783467e-01	-2.797598e-01	-1.430313e-01	6.294805e-01	-9.069146e-02	1.648449e-01	2.826942e-01	-3.681663e-01	8.278874e-02	2.247132e-01	2.265144e-01	1.528741e-01	2.207658e-01	-1.537541e-01	1.100837e-01	-4.777905e-01	-3.726523e-01	3.076391e-01	2.335508e-01	-1.069184e-01	2.009162e-01	-4.999500e-01	2.799054e-01	-5.088809e-01	-9.164377e-02	2.805762e-01	-6.149761e-02	-5.771100e-01	-1.147204e-01	-5.808044e-01	-2.326357e-01	3.897506e-01	-3.463931e-01	7.125466e-02	-4.811460e-01	6.348735e-01	-3.322793e-01	2.224952e-01	3.352040e-02	-2.796178e-01	6.960729e-01	-4.097424e-01	-2.719257e-01	-9.412108e-03	1.925838e-01	-2.401810e-01	3.321624e-01	5.794242e-01	-2.060269e-01	2.494109e-01	-3.197088e-01	-2.530849e-01	1.067015e-02	-1.390207e-02	2.023072e-01	-6.839155e-02	5.481783e-01	1.556838e-01	-4.889857e-01	3.250306e-01	-2.808974e-02	-3.317850e-01	-2.852586e-01	-2.958756e-01	2.661149e-01	-1.567293e-01	-3.207859e-01	1.362781e-01	2.835499e+00	2.681607e-02	1.393734e-01	-2.315299e-01	3.830251e-01	3.723343e-02	-1.779979e-01	-2.952000e-01	2.423326e-02	1.544535e-01	-3.963378e-01	-7.179851e-01	2.808163e-01	-5.166866e-01	-5.338086e-01	7.658448e-01	5.674828e-01	9.770240e-02	1.363174e-01	-6.353894e-02	3.469890e-01	-3.168497e-01	-6.318612e-01	-4.423347e-01	-1.914906e-01	-3.578334e-01	9.266411e-02	1.217615e-01	-4.715284e-01	-3.509864e-01	-4.292906e-01	1.215472e-02	-6.936197e-01	-4.638348e-01	-4.004769e-01	5.234270e-01	-4.168109e-02	5.620295e-02	-2.375859e-01	-2.180005e-01	-5.340167e-02	2.111989e-01	2.898967e-01	-8.431816e-02	-2.180748e-02	-2.141185e-01	8.290370e-02	-1.143563e-01	-1.536745e-01	-2.298436e-01	-2.011905e-01	1.362892e-02	-2.285268e-01	7.230551e-02	-3.760200e-01	2.014639e-01	-2.439242e-01	-2.832319e-01	4.439690e-01	-1.619983e-01	-1.727182e-04	-1.427931e-01	6.046825e-02	9.129552e-02	-3.655039e-02	5.482559e-01	-1.031798e-01	2.735407e-01	4.694229e-01	-2.327729e-01	-1.868915e-01	-4.186059e-02	1.409794e-01	-1.543221e-01	-2.954961e-01	2.599624e-01	-2.640181e-01	-3.702235e-01	-1.236183e-01	2.731459e-01	3.487771e-01	-1.405763e-02	-5.927258e-01	-6.141535e-01	3.219434e-01	1.732863e-01	1.686222e-01	-3.995064e-02	-1.191573e-01	7.131602e-01	8.517451e-02	5.599729e-01	-2.011414e-02	2.457520e-01	-1.995571e-01	2.994209e-01	1.225830e-01	2.687612e-01	-1.429767e-01	-7.157211e-01	-2.014372e-01	1.576932e-01	3.536897e-01	1.275663e-01	7.387844e-02	3.878327e-01	-1.993640e-01	2.395055e-01	1.324226e-01	3.716519e-01	-2.605139e-01	3.628613e-01	-3.787648e-01	-3.730936e-01	-1.325351e-01	-3.760545e-01	-6.754958e-02	8.162500e-02	2.201097e-02	6.869790e-02	6.208857e-02	-1.193940e-01	1.936330e-02	8.006150e-02	3.394664e-01	-4.515243e-01	8.405054e-02	3.289922e-01	6.796526e-02	4.985166e-01	3.172907e-01	-1.934234e-01	-7.738893e-02	1.251483e-01	1.655312e-01	3.164473e-01	-2.853141e-02	-3.783574e-02	-3.001351e-01	-3.320503e-01	-2.434073e-01	1.683071e-01	-8.292914e-02	-3.931909e-01	-3.125496e-01	5.921944e-01	2.323065e-01	-2.892945e-01	-1.336710e-01	3.160153e-01	-1.628792e-01	-3.500356e-01	-3.574648e-01	-2.925169e-01	7.009821e-03	2.282383e-01	-4.059965e-01	-2.375922e-01	1.180175e-03	4.209821e-01	-1.538778e-01	-1.215465e-01	4.058813e-01	-3.959903e-01	-4.356226e-02	-9.101171e-01	1.267632e-01	3.024339e-01	1.048067e-02	2.449665e-01	-1.337651e-01	4.923354e-02	4.514486e-02	-1.450167e-01	1.248641e-01	-5.922271e-01	9.248001e-02	1.846767e-01	-1.109405e-01	1.770578e-01	-2.147680e-01	-3.711714e-01	-3.202975e-03	1.746900e-01	4.307868e-02	-4.286864e-01	-3.735771e-01	-3.201449e-01	-1.496066e-01	4.128050e-02	-3.641867e-02	4.935383e-01	7.877897e-02	1.529867e-01	-3.465206e-01	-4.581915e-01	2.456315e-01	-1.194053e-01	-2.163698e-01	1.777281e+00	-2.555271e-01	3.176606e-01	-5.222961e-01	-1.614860e-01	6.200761e-02	-1.560008e-01	-2.530273e-01	-6.217207e-02	-1.003396e-01	-1.447597e-03	-8.839970e-02	5.193590e-01	7.136826e-01	1.461593e-01	2.821272e-01	-3.298456e-01	-4.365552e-01	5.305987e-02	-1.545857e-01	2.014134e-01	-4.257997e-01	6.443003e-01	3.764560e-01	3.079709e-01	6.664596e-02	-2.472155e-02	3.564892e-01	-4.120182e-01	-7.112455e-02	-5.799580e-01	9.642181e-02	-8.171759e-01	-5.176966e+00	-1.430859e-01	9.761930e-02	-1.144435e-01	1.394607e-01	2.805763e-02	3.577618e-01	-2.581981e-01	4.200580e-01	-2.420427e-01	3.622341e-01	3.077595e-02	2.716436e-01	-2.138288e-01	3.374483e-01	1.367805e-01	-9.866265e-02	1.192230e+00	-3.499860e-01	-1.594791e-01	-3.449974e-01	-7.839373e-02	-4.076627e-01	9.416023e-02	2.838902e-01	-1.656805e-01	-1.665773e-01	-4.452586e-01	-2.546319e-01	-2.678391e-01	-5.671414e-01	-8.872947e-02	-1.859150e+01	2.036260e-01	-1.474934e-01	-9.153772e-01	3.283542e-01	-2.678556e-01	-1.943216e-01	-7.317471e-01	8.477722e-01	-1.043976e-02	1.305562e-01	8.218821e-02	-1.769844e-01	1.813007e-01	1.223506e-01	4.784752e-01	-1.740062e-01	4.197103e-02	9.928136e-02	-1.195799e-01	5.436279e-02	-3.536469e-01	-4.192132e-01	-6.331428e-01	4.246877e-01	1.972860e-02	2.655063e-01	-1.038773e+00	-2.755857e-01	1.155895e-01	-6.166779e-01	-6.699573e-02	-9.803870e-02	6.227740e-02	7.102324e-02	3.138389e-01	4.194356e-01	1.011053e-01	-3.712862e-01	2.602120e-01	1.304943e-01	8.595461e-02	3.416086e-01	-9.013032e-02	-3.282370e-02	-4.133148e-01	-1.444667e-01	-3.235689e-01	-3.117044e-02	-4.624178e-01	6.221458e-02	2.533449e-01	4.806325e-01	7.261773e-01	1.609995e-01	-8.406626e-02	-1.503844e-01	2.625027e-01	4.349042e-01	-2.342651e-01	-1.790750e-01	9.399021e-02	-1.675165e-01	-1.193814e-01	-6.990489e-01	-2.584362e-01	3.086352e-01	-1.184703e-01	-1.024797e-02	6.469785e-02	-4.532203e-01	-6.533099e-02	-3.871444e-01	3.491749e-01	-1.553237e-01	2.918810e-01	-2.241074e-01	-5.949390e-02	-2.358026e-01	-2.078747e-01	9.811214e-02	-7.234584e-03	2.629165e-01	-3.317878e-01	1.124362e-01	-4.895234e-01	-7.620298e-01	5.049770e-01	-2.858267e-02	1.735635e-01	1.339643e-01	4.606219e-01	1.511987e-01	1.233049e-01	-1.672746e-01	3.869486e-01	-1.405381e-01	-7.813405e-01	-2.376852e-01	2.125775e-01	2.201955e-01	2.267781e-02	3.487256e-01	3.950427e-01	9.903328e-03	-3.632069e-01	-2.268255e-01	3.386933e-01	1.324144e-01	-9.143721e-02	4.171044e-01	-2.238021e-01	-7.739511e-02	-4.632178e-01	-3.668758e-01	-7.389288e-02	2.689562e-02	3.588403e-01	-3.644526e-01	2.579547e-01	-2.717179e-01	-5.392827e-02	6.450380e-02	-3.593790e-01	3.431255e-01	-5.962526e-01	-4.692703e-01	-4.210429e-02	-5.139498e-01	-2.040467e-01	-5.087243e-01	1.673256e-01	-7.329023e-01	-3.084574e-01	-9.930428e-02	-8.350766e-02	2.972216e-01	-3.236737e-02	-2.085168e-01	-2.449443e-01	-7.159419e-02	-1.018622e-01	5.329703e-01	4.198781e-01	-9.334288e-01	6.588895e-02	-3.972258e-01	3.307562e-01	3.630913e-01	5.520646e-01	2.295095e-01	9.611698e-02	1.550315e-01	-3.981479e-01	-3.875254e-01	-4.678112e-01	-1.406812e-02	3.414785e-01	-2.392382e-01	-8.923893e-02	-6.280655e-02	-1.098769e-01	1.758106e-01	-1.459337e-01	4.204345e-01	-2.052216e-01	-1.065820e-01	1.461047e-01	-3.984956e-02	1.144850e-02	3.516061e-01	-8.838367e-01	4.449249e-01	-5.889809e-01	-7.867834e-02	-2.661579e-01	-2.639861e-01	-1.724712e-01	-7.039885e-02	3.270004e-01	2.680438e-01	-2.591071e-02	5.472988e-02	5.955052e-01	4.354018e-01	1.867371e-01	-5.467800e-02	5.298839e-01	-2.717129e-01	2.398492e-01	2.553833e-01	-6.672902e-02	2.542492e-03	-2.579916e-02	-3.956030e-01	-2.781250e-01	9.146906e-01	-8.373062e-02	-4.722670e-02	2.968485e-01	6.132229e-02	4.075381e-01	-1.146877e-02	-2.219619e-01	1.202410e-01	1.505102e-01	-2.266031e-01	-2.022574e-01	2.501913e-01	1.795472e-01	1.954474e-01	1.894718e-01	-2.433032e-02	1.645280e-01	7.967044e-01	-2.370437e-01	8.438072e-02	-2.748217e-01	7.114173e-01	-3.705790e-01	1.335533e-01	-5.143430e-01	-2.833487e-01	4.357047e-01	6.687478e-01	2.797807e-01	1.839704e-01	1.715142e-01	-2.112114e-01	-2.408809e-02	2.803101e-01	-7.536861e-02	1.381461e-01	-5.173159e-01	2.694291e-01	-1.596697e-01	-2.256565e-01	-3.086394e-01	5.470694e-01	-1.030130e-01	-5.109760e-01	-3.461083e-01	-3.188911e-01	5.386744e-01	-4.637577e-01	-2.432701e-01	-1.002684e-01	4.810547e-01	7.121009e-02	6.055524e-03	4.033405e-02	5.727102e-02	3.819393e-01	7.738882e-02	9.179541e-02	-5.752690e-01	1.495706e-01	4.357290e-01	-3.955363e-01	-3.561563e-01	1.441050e-01	3.895859e-01	1.668448e-01	1.707357e-01	3.141278e-01	3.212273e-01	3.751373e-01	-5.966998e-01	-4.820713e-02	-1.431458e-01	1.623589e-01	6.080775e-02	3.653269e-03	-4.935376e-02	2.553997e-01	1.082206e-02	8.092023e-02	1.486584e-01	-5.975628e-01	-2.780950e-01	-2.861799e-01	-2.484721e-01	1.804559e-01	-1.646392e-02	-2.503502e-01	-1.945053e-01	-2.198085e-01	3.349522e-01	-2.155878e-01	5.284238e-01	4.135307e-01	-9.123920e-02	-1.407527e-01	2.416537e-01	-2.658560e-01	-1.248885e-01	-4.662130e-01	8.570035e-01	-6.538499e-01	1.987179e-01	-1.924262e-01	4.478625e-01	9.243173e-02	-2.724463e-01	-3.781526e-02	-1.128346e-02	8.743214e-02	-2.999297e-01	7.399070e-01	-1.255706e-01	4.717869e-01	3.997599e-01	-5.355039e-01	2.678879e-02	-5.592504e-01	2.317023e-01	5.577182e-01	-5.668771e-01	-5.155979e-01	-5.808123e-01	4.039027e-01	2.534677e-01	1.379441e-01	-6.599163e-01	-3.001800e-01	-6.225601e-01	1.639984e-01	9.899594e-02	-6.937207e-02	2.603489e-01	4.344328e-02	9.042573e-02	1.709948e-01	2.479011e-01	4.610071e-01	-2.796286e-01	-3.649426e-01	6.810253e-02	-1.952430e-01	-2.202056e-02	-3.632217e-02	4.153055e-01	3.244290e-01	2.332893e-01	2.197197e-01	1.465003e-01	2.706543e-01	2.825238e-01	-2.620135e-01	2.161801e-01	3.851937e-01	-4.293247e-01	-2.181123e-01	-5.144678e-01	3.812535e-01	-3.094012e-03	-1.224526e-01	6.138623e-01	-1.652741e-01	5.795587e-02	-1.703290e-01	-7.158280e-02	-1.649513e-01	-3.425579e-01	-3.106900e-01	-3.729410e-01	-4.211147e-02	-3.921477e-01	-7.635988e-02	4.300403e-02	-4.777492e-01	3.460946e-01	4.167869e-01	-3.858896e-01	-1.883288e-01	-5.169484e-01	-2.298356e-01	-8.603860e-02	4.729676e-01	3.476186e-01	-2.111225e-01	3.759537e-01	1.606264e-01	-4.814516e-01	4.971206e-01	-3.204519e-01	-1.306385e-01	5.210093e-01	-2.883501e-01	4.402953e-02	-4.455332e-01	8.411993e-02	1.384324e-01	1.079989e-01	-1.673174e-01	3.323219e-01	3.499184e-01	6.964217e-01	3.653178e-01	8.586776e-02	1.470304e-01	-5.791670e-01	9.388056e-03	-1.271848e-01	-5.726906e-02	-2.045211e-01	4.158907e-02	4.243209e-01	-1.000461e-01	7.562903e-02	3.719203e-01	3.280125e-01	-3.254429e-02	-1.031506e-01	1.456272e-01	4.044676e-01	-4.349122e-01	9.431182e-03	2.024742e-02	8.002028e-02	4.365614e-01	-1.676543e-02	1.093770e-01	-1.079239e-01	2.868676e-02	-2.639273e-01	-1.646384e-01	1.130487e-01	-2.363931e-01	-4.605113e-02	-2.312429e-01	-1.713063e-01	-1.324628e-02	-5.321810e-02	4.399228e-01	1.155816e-01	9.714971e-02	-3.032817e-01	-2.045579e-01	5.409767e-01	-2.184869e-01	2.809119e-02	1.952835e-01	-3.361124e-01	1.609592e-02	2.854844e-01	4.093582e-01	-3.359608e-03	1.789476e-01	-3.576328e-01	2.226787e-01	-3.210493e-01	-3.033685e-01	2.814065e-01	8.120095e-02	1.291503e-01	1.261680e-01	-5.848389e-01	2.096106e-01	-3.588403e-01	3.209191e-02	3.477186e-01	-2.867957e-02	-4.621097e-01	-2.363787e-01	-4.272202e-01	-2.204255e-01	5.524864e-01	-3.378703e-01	2.200816e-01	-4.595306e-01	5.954906e-01	-3.587895e-01	2.443841e-01	1.425963e-01	-2.259582e-01	5.372733e-01	-3.390753e-01	2.134454e-01	-1.251005e-01	3.352832e-01	-1.315343e-01	3.611995e-01	4.991688e-01	-1.993512e-01	2.275642e-01	-3.728177e-01	-2.700414e-01	-1.979294e-01	-1.581564e-01	2.547725e-01	1.083985e-01	3.492506e-01	1.100288e-01	-4.384560e-01	3.451929e-01	-2.003502e-01	-9.778091e-02	-2.807964e-01	-2.860418e-01	2.062166e-01	-2.793625e-01	-3.355786e-01	2.839688e-01	3.026703e+00	9.072757e-02	1.559032e-01	-1.781684e-01	3.476452e-01	-1.035567e-02	-2.155979e-01	-1.830684e-01	2.150614e-01	2.353910e-01	-4.481462e-01	-6.798174e-01	1.604113e-01	-4.114741e-01	-5.438851e-01	6.561055e-01	5.413446e-01	1.226124e-01	2.083936e-01	1.956993e-01	4.528351e-01	-1.991358e-01	-6.413060e-01	-3.949924e-01	-3.812146e-01	-1.707525e-01	1.450252e-01	2.674755e-01	-5.518605e-01	-4.044576e-01	-4.324042e-01	1.689581e-01	-6.882452e-01	-5.723799e-01	-1.745375e-01	3.833076e-01	6.806807e-02	
